1 -63.9575 142.142
2 -63.4674 142.04
3 -63.1623 142.199
4 -63.0423 142.658
5 -63.0967 143.422
6 -63.2991 144.454
7 -63.6036 145.682
8 -63.9482 147.008
9 -64.2636 148.331
10 -64.4871 149.572
11 -64.5752 150.685
12 -64.5106 151.66
13 -64.3067 152.517
14 -64.0032 153.286
15 -63.6578 153.998
16 -63.3306 154.665
17 -63.0695 155.278
18 -62.897 155.811
19 -62.8061 156.23
20 -62.7707 156.503
21 -62.7587 156.617
22 -62.7474 156.579
23 -62.7337 156.417
24 -62.7346 156.161
25 -62.7752 155.842
26 -62.8759 155.472
27 -63.0371 155.053
28 -63.2368 154.576
29 -63.4345 154.037
30 -63.5814 153.441
31 -63.6311 152.809
32 -63.5469 152.172
33 -63.3067 151.568
34 -62.9084 151.027
35 -62.3727 150.574
36 -61.7444 150.224
37 -61.0882 149.989
38 -60.4769 149.881
39 -59.9782 149.921
40 -59.6376 150.13
41 -59.4669 150.526
42 -59.4397 151.11
43 -59.504 151.86
44 -59.603 152.73
45 -59.6968 153.655
46 -59.7729 154.567
47 -59.8439 155.405
48 -59.9353 156.133
49 -60.0702 156.736
50 -60.2556 157.222
51 -60.4773 157.61
52 -60.701 157.917
53 -60.8815 158.154
54 -60.9763 158.317
55 -60.9599 158.399
56 -60.8319 158.394
57 -60.6186 158.303
58 -60.3696 158.142
59 -60.1481 157.943
60 -60.0195 157.751
61 -60.0344 157.61
62 -60.2141 157.557
63 -60.5411 157.601
64 -60.9599 157.72
65 -61.3939 157.865
66 -61.7688 157.965
67 -62.0307 157.951
68 -62.1564 157.774
69 -62.1543 157.416
70 -62.0532 156.897
71 -61.8885 156.267
72 -61.69 155.586
73 -61.4707 154.905
74 -61.2217 154.25
75 -60.9172 153.616
76 -60.5226 152.975
77 -60.0077 152.291
78 -59.3605 151.545
79 -58.5978 150.749
80 -57.7677 149.953
81 -56.9468 149.236
82 -56.224 148.689
83 -55.6769 148.388
84 -55.346 148.371
85 -55.2217 148.626
86 -55.2464 149.092
87 -55.3318 149.674
88 -55.3867 150.279
89 -55.3373 150.836
90 -55.1379 151.313
91 -54.775 151.719
92 -54.2641 152.092
93 -53.6428 152.48
94 -52.9646 152.923
95 -52.2874 153.436
96 -51.6623 154.01
97 -51.1246 154.609
98 -50.6903 155.188
99 -50.3626 155.701
100 -50.1416 156.12
101 -50.0363 156.433
102 -50.0685 156.651
103 -50.2693 156.795
104 -50.6659 156.892
105 -51.2667 156.955
106 -52.0513 156.987
107 -52.9699 156.969
108 -53.9536 156.874
109 -54.9268 156.675
110 -55.8217 156.357
111 -56.5837 155.926
112 -57.1756 155.408
113 -57.5736 154.845
114 -57.7686 154.286
115 -57.7663 153.773
116 -57.5819 153.343
117 -57.2338 153.025
118 -56.735 152.84
119 -56.0891 152.809
120 -55.2903 152.945
121 -54.3292 153.257
122 -53.1987 153.736
123 -51.9053 154.353
124 -50.4732 155.049
125 -48.9382 155.748
126 -47.3423 156.368
127 -45.7273 156.843
128 -44.1244 157.139
129 -42.5535 157.257
130 -41.0248 157.227
131 -39.5404 157.086
132 -38.0964 156.863
133 -36.6902 156.567
134 -35.3303 156.184
135 -34.0368 155.683
136 -32.8479 155.034
137 -31.8199 154.224
138 -31.0219 153.271
139 -30.5267 152.226
140 -30.3917 151.168
141 -30.638 150.182
142 -31.2315 149.338
143 -32.0784 148.677
144 -33.0411 148.205
145 -33.9665 147.894
146 -34.7193 147.694
147 -35.2077 147.547
148 -35.3957 147.41
149 -35.2991 147.265
150 -34.9703 147.128
151 -34.4792 147.042
152 -33.894 147.063
153 -33.2648 147.233
154 -32.6182 147.569
155 -31.9587 148.054
156 -31.2819 148.641
157 -30.5939 149.272
158 -29.9258 149.895
159 -29.3447 150.481
160 -28.9486 151.036
161 -28.8453 151.586
162 -29.12 152.162
163 -29.7991 152.773
164 -30.8295 153.391
165 -32.0853 153.957
166 -33.3994 154.394
167 -34.6036 154.635
168 -35.5685 154.642
169 -36.2223 154.414
170 -36.5527 153.988
171 -36.6002 153.421
172 -36.4447 152.784
173 -36.1833 152.141
174 -35.9069 151.537
175 -35.6786 150.999
176 -35.525 150.532
177 -35.4394 150.131
178 -35.3977 149.788
179 -35.3784 149.501
180 -35.3774 149.279
181 -35.4134 149.139
182 -35.5224 149.11
183 -35.7467 149.214
184 -36.1173 149.466
185 -36.6413 149.863
186 -37.2931 150.374
187 -38.0146 150.947
188 -38.7259 151.518
189 -39.3433 152.026
190 -39.7927 152.427
191 -40.026 152.705
192 -40.0316 152.873
193 -39.8361 152.958
194 -39.4988 152.991
195 -39.0979 152.992
196 -38.7142 152.963
197 -38.4129 152.891
198 -38.2346 152.752
199 -38.1954 152.534
200 -38.2938 152.234
201 -38.5244 151.872
202 -38.8852 151.482
203 -39.3817 151.106
204 -40.022 150.781
205 -40.8085 150.536
206 -41.731 150.388
207 -42.7637 150.338
208 -43.8679 150.381
209 -44.9983 150.507
210 -46.1112 150.707
211 -47.169 150.976
212 -48.143 151.314
213 -49.0183 151.724
214 -49.7947 152.208
215 -50.4857 152.768
216 -51.1152 153.401
217 -51.7082 154.105
218 -52.2839 154.874
219 -52.8478 155.7
220 -53.3886 156.567
221 -53.8773 157.45
222 -54.2724 158.313
223 -54.5285 159.103
224 -54.6088 159.758
225 -54.4978 160.216
226 -54.2043 160.427
227 -53.7589 160.362
228 -53.2062 160.025
229 -52.5955 159.446
230 -51.9673 158.679
231 -51.3481 157.784
232 -50.7459 156.812
233 -50.1534 155.803
234 -49.5581 154.774
235 -48.9516 153.73
236 -48.3418 152.666
237 -47.7588 151.579
238 -47.2552 150.476
239 -46.9011 149.384
240 -46.7738 148.352
241 -46.9373 147.442
242 -47.4203 146.725
243 -48.2001 146.25
244 -49.2014 146.031
245 -50.3106 146.039
246 -51.4053 146.204
247 -52.3847 146.439
248 -53.1877 146.66
249 -53.7972 146.816
250 -54.2296 146.895
251 -54.5173 146.925
252 -54.6911 146.95
253 -54.7718 147.005
254 -54.7697 147.103
255 -54.6908 147.224
256 -54.5461 147.328
257 -54.3562 147.377
258 -54.1538 147.351
259 -53.981 147.263
260 -53.8879 147.154
261 -53.9274 147.08
262 -54.1492 147.096
263 -54.5894 147.237
264 -55.2606 147.507
265 -56.1429 147.882
266 -57.1839 148.313
267 -58.3053 148.738
268 -59.4201 149.103
269 -60.4506 149.37
270 -61.3353 149.531
271 -62.0404 149.604
272 -62.5582 149.628
273 -62.9053 149.646
274 -63.1146 149.693
275 -63.2233 149.787
276 -63.2641 149.919
277 -63.2577 150.061
278 -63.2109 150.174
279 -63.122 150.22
280 -62.9886 150.17
281 -62.815 150.01
282 -62.6146 149.744
283 -62.4099 149.39
284 -62.2266 148.97
285 -62.0836 148.505
286 -61.9862 147.999
287 -61.9203 147.449
288 -61.853 146.835
289 -61.7353 146.14
290 -61.5093 145.354
291 -61.1163 144.489
292 -60.5092 143.576
293 -59.6731 142.666
294 -58.6448 141.818
295 -57.5209 141.089
296 -56.446 140.526
297 -55.5786 140.16
298 -55.0576 140.015
299 -54.9725 140.1
300 -55.3467 140.416
301 -56.143 140.948
302 -57.2787 141.661
303 -58.6443 142.494
304 -60.1258 143.372
305 -61.6265 144.214
306 -63.0751 144.95
307 -64.4305 145.533
308 -65.6701 145.94
309 -66.7804 146.171
310 -67.7485 146.239
311 -68.5532 146.158
312 -69.1631 145.932
313 -69.5404 145.555
314 -69.6495 145.01
315 -69.468 144.289
316 -68.9962 143.4
317 -68.2653 142.38
318 -67.3424 141.297
319 -66.328 140.248
320 -65.3439 139.335
321 -64.5126 138.65
322 -63.9308 138.256
323 -63.6438 138.169
324 -63.6346 138.351
325 -63.835 138.725
326 -64.1502 139.187
327 -64.4875 139.638
328 -64.783 140.009
329 -65.0083 140.279
330 -65.163 140.466
331 -65.2569 140.624
332 -65.2961 140.814
333 -65.2747 141.08
334 -65.1784 141.429
335 -64.9967 141.825
336 -64.7324 142.202
337 -64.4015 142.48
338 -64.0344 142.592
339 -63.6724 142.499
340 -63.3677 142.2
341 -63.1825 141.725
342 -63.1804 141.122
343 -63.4121 140.443
344 -63.8955 139.732
345 -64.6018 139.012
346 -65.4536 138.281
347 -66.3358 137.514
348 -67.1248 136.671
349 -67.7118 135.717
350 -68.0211 134.639
351 -68.0205 133.457
352 -67.7226 132.221
353 -67.1783 131.012
354 -66.4612 129.923
355 -65.6479 129.046
356 -64.7995 128.458
357 -63.95 128.207
358 -63.1096 128.313
359 -62.2736 128.773
360 -61.4396 129.558
361 -60.6204 130.619
362 -59.8514 131.885
363 -59.1888 133.261
364 -58.6969 134.65
365 -58.4347 135.96
366 -58.4366 137.126
367 -58.6986 138.117
368 -59.1745 138.925
369 -59.7784 139.55
370 -60.4003 139.994
371 -60.9246 140.252
372 -61.2571 140.322
373 -61.347 140.206
374 -61.2001 139.915
375 -60.877 139.474
376 -60.4722 138.914
377 -60.0843 138.273
378 -59.7912 137.589
379 -59.6348 136.902
380 -59.6195 136.253
381 -59.721 135.681
382 -59.9017 135.229
383 -60.1251 134.927
384 -60.3653 134.785
385 -60.6126 134.793
386 -60.8732 134.919
387 -61.1623 135.127
388 -61.4963 135.387
389 -61.8843 135.689
390 -62.32 136.035
391 -62.7755 136.433
392 -63.201 136.88
393 -63.5352 137.355
394 -63.7208 137.821
395 -63.7192 138.24
396 -63.5251 138.589
397 -63.1697 138.868
398 -62.7149 139.111
399 -62.238 139.369
400 -61.8152 139.69
401 -61.5027 140.097
402 -61.3222 140.577
403 -61.2588 141.084
404 -61.2663 141.555
405 -61.2825 141.93
406 -61.2457 142.165
407 -61.1104 142.245
408 -60.8549 142.177
409 -60.4811 141.99
410 -60.0069 141.724
411 -59.4538 141.423
412 -58.8355 141.129
413 -58.1541 140.869
414 -57.4038 140.654
415 -56.5749 140.475
416 -55.6665 140.308
417 -54.6926 140.13
418 -53.6856 139.929
419 -52.6935 139.716
420 -51.7728 139.527
421 -50.9808 139.408
422 -50.3662 139.399
423 -49.9595 139.516
424 -49.7661 139.737
425 -49.7684 140.011
426 -49.9286 140.268
427 -50.1994 140.448
428 -50.5356 140.51
429 -50.9051 140.447
430 -51.2961 140.282
431 -51.7163 140.051
432 -52.1847 139.792
433 -52.7192 139.527
434 -53.3227 139.259
435 -53.9764 138.979
436 -54.6431 138.675
437 -55.2785 138.343
438 -55.8476 138.002
439 -56.3351 137.691
440 -56.7497 137.459
441 -57.117 137.352
442 -57.4641 137.391
443 -57.809 137.568
444 -58.1519 137.841
445 -58.473 138.153
446 -58.7387 138.449
447 -58.9095 138.691
448 -58.945 138.865
449 -58.8089 138.981
450 -58.471 139.068
451 -57.9119 139.156
452 -57.1315 139.27
453 -56.1522 139.421
454 -55.0203 139.602
455 -53.8015 139.791
456 -52.5671 139.963
457 -51.3833 140.095
458 -50.302 140.177
459 -49.3593 140.211
460 -48.5798 140.211
461 -47.9804 140.202
462 -47.576 140.206
463 -47.3822 140.243
464 -47.4132 140.32
465 -47.677 140.428
466 -48.1688 140.551
467 -48.8669 140.666
468 -49.7365 140.757
469 -50.7324 140.818
470 -51.8019 140.857
471 -52.8927 140.89
472 -53.9578 140.938
473 -54.9631 141.018
474 -55.8877 141.134
475 -56.7192 141.28
476 -57.4478 141.44
477 -58.0587 141.596
478 -58.5334 141.733
479 -58.8531 141.851
480 -59.0061 141.956
481 -58.9931 142.056
482 -58.826 142.149
483 -58.5237 142.216
484 -58.1079 142.222
485 -57.6002 142.135
486 -57.0194 141.934
487 -56.3831 141.623
488 -55.708 141.227
489 -55.0098 140.786
490 -54.3049 140.343
491 -53.607 139.933
492 -52.9286 139.575
493 -52.2804 139.277
494 -51.6738 139.037
495 -51.1226 138.846
496 -50.6456 138.695
497 -50.2673 138.578
498 -50.0183 138.498
499 -49.9302 138.467
500 -50.0257 138.509
501 -50.3092 138.649
502 -50.7601 138.91
503 -51.3351 139.29
504 -51.9776 139.764
505 -52.6327 140.275
506 -53.2637 140.76
507 -53.8605 141.164
508 -54.4403 141.459
509 -55.0399 141.654
510 -55.7032 141.783
511 -56.4691 141.888
512 -57.364 142.005
513 -58.3945 142.145
514 -59.5459 142.295
515 -60.7864 142.422
516 -62.0694 142.487
517 -63.3406 142.458
518 -64.5428 142.317
519 -65.6251 142.06
520 -66.5538 141.688
521 -67.3161 141.202
522 -67.918 140.595
523 -68.375 139.859
524 -68.6999 138.989
525 -68.8928 137.993
526 -68.9391 136.885
527 -68.8159 135.693
528 -68.502 134.452
529 -67.9863 133.199
530 -67.2729 131.971
531 -66.3804 130.803
532 -65.3367 129.726
533 -64.1737 128.77
534 -62.9259 127.966
535 -61.6305 127.341
536 -60.3366 126.926
537 -59.1091 126.748
538 -58.0294 126.835
539 -57.1812 127.204
540 -56.6316 127.858
541 -56.4134 128.77
542 -56.5215 129.879
543 -56.921 131.098
544 -57.5677 132.332
545 -58.4213 133.496
546 -59.4509 134.535
547 -60.6239 135.428
548 -61.8949 136.178
549 -63.2008 136.798
550 -64.4699 137.295
551 -65.6401 137.663
552 -66.6796 137.885
553 -67.5911 137.941
554 -68.4041 137.82
555 -69.1597 137.537
556 -69.8867 137.128
557 -70.5876 136.654
558 -71.2383 136.184
559 -71.7963 135.784
560 -72.2147 135.502
561 -72.4564 135.355
562 -72.4994 135.325
563 -72.3333 135.359
564 -71.9524 135.389
565 -71.3559 135.351
566 -70.5531 135.212
567 -69.5748 134.984
568 -68.4803 134.723
569 -67.3523 134.503
570 -66.2783 134.389
571 -65.3258 134.409
572 -64.5254 134.545
573 -63.865 134.736
574 -63.3065 134.911
575 -62.8145 135.007
576 -62.3833 135.002
577 -62.0503 134.915
578 -61.8906 134.805
579 -61.9881 134.741
580 -62.3927 134.776
581 -63.0852 134.925
582 -63.9691 135.156
583 -64.8897 135.396
584 -65.6773 135.559
585 -66.1879 135.566
586 -66.3258 135.373
587 -66.0475 134.975
588 -65.3563 134.409
589 -64.2938 133.742
590 -62.9327 133.052
591 -61.3677 132.413
592 -59.7016 131.876
593 -58.0307 131.461
594 -56.4282 131.157
595 -54.9356 130.938
596 -53.5663 130.776
597 -52.3176 130.654
598 -51.1913 130.581
599 -50.2105 130.585
600 -49.4197 130.702
601 -48.8787 130.962
602 -48.6395 131.37
603 -48.716 131.905
604 -49.0655 132.515
605 -49.5902 133.133
606 -50.16 133.688
607 -50.646 134.127
608 -50.9526 134.422
609 -51.0361 134.577
610 -50.9043 134.617
611 -50.6099 134.573
612 -50.2333 134.479
613 -49.8679 134.368
614 -49.6049 134.266
615 -49.5229 134.202
616 -49.6793 134.202
617 -50.1046 134.291
618 -50.7999 134.487
619 -51.7369 134.798
620 -52.8608 135.22
621 -54.1026 135.739
622 -55.3944 136.331
623 -56.6805 136.97
624 -57.9216 137.625
625 -59.0871 138.268
626 -60.145 138.878
627 -61.0534 139.438
628 -61.7637 139.939
629 -62.2282 140.374
630 -62.4096 140.735
631 -62.2943 141.005
632 -61.8966 141.158
633 -61.2585 141.165
634 -60.4431 141.003
635 -59.5278 140.665
636 -58.5971 140.175
637 -57.7329 139.582
638 -57.0067 138.955
639 -56.4661 138.362
640 -56.1234 137.849
641 -55.9572 137.425
642 -55.9264 137.065
643 -55.9864 136.726
644 -56.1034 136.368
645 -56.2622 135.977
646 -56.4614 135.567
647 -56.7012 135.181
648 -56.9727 134.867
649 -57.25 134.663
650 -57.4919 134.585
651 -57.653 134.618
652 -57.6963 134.728
653 -57.6029 134.875
654 -57.3779 135.027
655 -57.047 135.176
656 -56.6516 135.343
657 -56.2389 135.567
658 -55.8512 135.894
659 -55.5157 136.351
660 -55.235 136.936
661 -54.9869 137.607
662 -54.7278 138.292
663 -54.4039 138.902
664 -53.9648 139.356
665 -53.3745 139.601
666 -52.6221 139.625
667 -51.7246 139.453
668 -50.7253 139.14
669 -49.6829 138.749
670 -48.6579 138.331
671 -47.6958 137.911
672 -46.8207 137.485
673 -46.028 137.026
674 -45.2942 136.496
675 -44.5993 135.872
676 -43.9389 135.16
677 -43.335 134.398
678 -42.8325 133.657
679 -42.4883 133.018
680 -42.354 132.563
681 -42.4554 132.34
682 -42.7784 132.355
683 -43.2691 132.565
684 -43.8448 132.895
685 -44.413 133.263
686 -44.887 133.603
687 -45.1971 133.882
688 -45.2946 134.098
689 -45.1544 134.266
690 -44.7774 134.406
691 -44.1901 134.524
692 -43.4388 134.616
693 -42.5771 134.665
694 -41.6538 134.658
695 -40.7035 134.592
696 -39.7447 134.478
697 -38.7858 134.338
698 -37.8352 134.196
699 -36.9091 134.072
700 -36.0382 133.974
701 -35.2591 133.9
702 -34.6013 133.84
703 -34.0774 133.78
704 -33.6773 133.708
705 -33.3722 133.617
706 -33.1265 133.501
707 -32.9078 133.362
708 -32.6935 133.206
709 -32.4719 133.04
710 -32.2364 132.872
711 -31.9829 132.71
712 -31.7095 132.557
713 -31.4221 132.42
714 -31.1404 132.309
715 -30.9007 132.239
716 -30.7503 132.236
717 -30.7336 132.321
718 -30.8775 132.515
719 -31.1801 132.819
720 -31.6126 133.217
721 -32.131 133.676
722 -32.6913 134.148
723 -33.261 134.587
724 -33.8228 134.958
725 -34.3688 135.243
726 -34.8925 135.444
727 -35.3805 135.575
728 -35.807 135.654
729 -36.1367 135.688
730 -36.3337 135.676
731 -36.3714 135.603
732 -36.2397 135.451
733 -35.9482 135.213
734 -35.5235 134.905
735 -35.0053 134.566
736 -34.4441 134.262
737 -33.8928 134.063
738 -33.4 134.034
739 -32.9951 134.206
740 -32.6707 134.566
741 -32.3815 135.053
742 -32.0521 135.576
743 -31.6014 136.034
744 -30.9702 136.348
745 -30.1425 136.485
746 -29.1569 136.464
747 -28.1059 136.349
748 -27.1083 136.225
749 -26.2804 136.17
750 -25.7093 136.228
751 -25.4317 136.4
752 -25.4349 136.648
753 -25.6767 136.91
754 -26.1118 137.125
755 -26.7117 137.254
756 -27.4715 137.29
757 -28.4027 137.263
758 -29.52 137.229
759 -30.8254 137.263
760 -32.2915 137.438
761 -33.8543 137.801
762 -35.4135 138.354
763 -36.8407 139.045
764 -38.0015 139.781
765 -38.7839 140.459
766 -39.1144 140.997
767 -38.9715 141.363
768 -38.386 141.575
769 -37.4394 141.689
770 -36.2522 141.78
771 -34.966 141.912
772 -33.7195 142.113
773 -32.6261 142.368
774 -31.7621 142.628
775 -31.1672 142.834
776 -30.8566 142.941
777 -30.8353 142.928
778 -31.1083 142.804
779 -31.6802 142.591
780 -32.5483 142.317
781 -33.6922 142.006
782 -35.0697 141.675
783 -36.6096 141.336
784 -38.2183 140.994
785 -39.7929 140.65
786 -41.2259 140.296
787 -42.4164 139.923
788 -43.2717 139.518
789 -43.7176 139.07
790 -43.7098 138.573
791 -43.2436 138.032
792 -42.3575 137.465
793 -41.1311 136.914
794 -39.6737 136.436
795 -38.106 136.093
796 -36.5357 135.929
797 -35.0335 135.956
798 -33.6282 136.147
799 -32.3147 136.44
800 -31.0659 136.763
801 -29.8567 137.042
802 -28.6778 137.225
803 -27.5379 137.287
804 -26.461 137.231
805 -25.4806 137.084
806 -24.6308 136.886
807 -23.936 136.672
808 -23.4054 136.465
809 -23.0262 136.264
810 -22.7606 136.044
811 -22.555 135.764
812 -22.3585 135.381
813 -22.1399 134.865
814 -21.9037 134.211
815 -21.6931 133.449
816 -21.5819 132.636
817 -21.6535 131.846
818 -21.973 131.149
819 -22.5605 130.592
820 -23.3771 130.187
821 -24.3314 129.91
822 -25.3018 129.711
823 -26.1714 129.534
824 -26.8539 129.331
825 -27.3034 129.083
826 -27.5165 128.799
827 -27.5213 128.511
828 -27.3623 128.264
829 -27.0834 128.092
830 -26.712 128.008
831 -26.2505 128.003
832 -25.6791 128.046
833 -24.9658 128.102
834 -24.0861 128.146
835 -23.0417 128.177
836 -21.8735 128.221
837 -20.6621 128.328
838 -19.5143 128.552
839 -18.5365 128.933
840 -17.8046 129.478
841 -17.3453 130.159
842 -17.1331 130.91
843 -17.1073 131.651
844 -17.197 132.307
845 -17.3471 132.825
846 -17.5393 133.187
847 -17.7999 133.41
848 -18.1957 133.535
849 -18.8166 133.619
850 -19.7492 133.716
851 -21.0501 133.867
852 -22.7291 134.089
853 -24.7456 134.374
854 -27.0163 134.695
855 -29.4304 135.018
856 -31.8692 135.313
857 -34.2251 135.573
858 -36.425 135.819
859 -38.4358 136.094
860 -40.2562 136.45
861 -41.9021 136.919
862 -43.3897 137.501
863 -44.7206 138.161
864 -45.8788 138.834
865 -46.8331 139.451
866 -47.5474 139.958
867 -47.9933 140.328
868 -48.158 140.568
869 -48.05 140.702
870 -47.7038 140.761
871 -47.1774 140.771
872 -46.5441 140.751
873 -45.8841 140.713
874 -45.2726 140.672
875 -44.7696 140.646
876 -44.4132 140.655
877 -44.2155 140.716
878 -44.1638 140.834
879 -44.2284 140.998
880 -44.3767 141.183
881 -44.5859 141.356
882 -44.8523 141.491
883 -45.1893 141.571
884 -45.6196 141.598
885 -46.1643 141.589
886 -46.8259 141.565
887 -47.5789 141.544
888 -48.3679 141.529
889 -49.1192 141.511
890 -49.756 141.47
891 -50.2227 141.384
892 -50.499 141.234
893 -50.6039 141.015
894 -50.5877 140.738
895 -50.5196 140.433
896 -50.4699 140.139
897 -50.4926 139.902
898 -50.6135 139.753
899 -50.8245 139.701
900 -51.0905 139.728
901 -51.3649 139.785
902 -51.6033 139.814
903 -51.7764 139.76
904 -51.8737 139.592
905 -51.9068 139.312
906 -51.9075 138.958
907 -51.9225 138.596
908 -52.0037 138.297
909 -52.1939 138.118
910 -52.5144 138.081
911 -52.9562 138.173
912 -53.4833 138.346
913 -54.0466 138.541
914 -54.6041 138.711
915 -55.1397 138.837
916 -55.6728 138.936
917 -56.252 139.054
918 -56.9349 139.249
919 -57.7587 139.558
920 -58.7203 139.981
921 -59.7712 140.478
922 -60.8282 140.972
923 -61.803 141.382
924 -62.6244 141.641
925 -63.2467 141.716
926 -63.6495 141.618
927 -63.831 141.392
928 -63.8029 141.101
929 -63.5905 140.814
930 -63.2324 140.58
931 -62.7783 140.423
932 -62.2795 140.339
933 -61.7761 140.303
934 -61.288 140.28
935 -60.8143 140.246
936 -60.3437 140.196
937 -59.8701 140.146
938 -59.4045 140.133
939 -58.9769 140.194
940 -58.6247 140.353
941 -58.375 140.607
942 -58.2293 140.921
943 -58.1596 141.239
944 -58.1148 141.503
945 -58.0385 141.667
946 -57.8828 141.713
947 -57.6213 141.649
948 -57.2543 141.501
949 -56.8119 141.302
950 -56.3503 141.078
951 -55.9432 140.845
952 -55.6693 140.606
953 -55.5996 140.357
954 -55.785 140.096
955 -56.2518 139.825
956 -56.9989 139.554
957 -57.9954 139.297
958 -59.1859 139.068
959 -60.4957 138.876
960 -61.8432 138.718
961 -63.1549 138.578
962 -64.3738 138.43
963 -65.4639 138.244
964 -66.4062 137.999
965 -67.1861 137.689
966 -67.7841 137.333
967 -68.1658 136.966
968 -68.2841 136.631
969 -68.09 136.367
970 -67.5484 136.195
971 -66.6566 136.115
972 -65.4511 136.11
973 -64.0018 136.154
974 -62.403 136.232
975 -60.7637 136.34
976 -59.1988 136.496
977 -57.8142 136.722
978 -56.6921 137.031
979 -55.8752 137.41
980 -55.3595 137.821
981 -55.1002 138.201
982 -55.0269 138.483
983 -55.0671 138.613
984 -55.1633 138.558
985 -55.2843 138.319
986 -55.4246 137.926
987 -55.5942 137.426
988 -55.8059 136.87
989 -56.0614 136.303
990 -56.3448 135.75
991 -56.6226 135.221
992 -56.8523 134.714
993 -56.9925 134.224
994 -57.0126 133.76
995 -56.8967 133.343
996 -56.6449 133.015
997 -56.2671 132.826
998 -55.7828 132.818
999 -55.2153 133.009
1000 -54.5884 133.378
1001 -53.9197 133.865
1002 -53.2156 134.39
1003 -52.4698 134.874
1004 -51.667 135.259
1005 -50.7884 135.524
1006 -49.8239 135.682
1007 -48.7811 135.764
1008 -47.6909 135.811
1009 -46.6082 135.85
1010 -45.6051 135.889
1011 -44.7568 135.92
1012 -44.1259 135.925
1013 -43.7562 135.893
1014 -43.6695 135.827
1015 -43.8684 135.752
1016 -44.3424 135.711
1017 -45.0719 135.752
1018 -46.0289 135.923
1019 -47.1746 136.253
1020 -48.456 136.747
1021 -49.8103 137.377
1022 -51.1714 138.089
1023 -52.4824 138.818
1024 -53.7015 139.506
1025 -54.802 140.117
1026 -55.7664 140.641
1027 -56.5815 141.093
1028 -57.2355 141.503
1029 -57.7227 141.899
1030 -58.05 142.302
1031 -58.2448 142.72
1032 -58.3552 143.151
1033 -58.442 143.586
1034 -58.5616 144.021
1035 -58.751 144.461
1036 -59.015 144.924
1037 -59.3261 145.433
1038 -59.6391 146.011
1039 -59.912 146.671
1040 -60.122 147.409
1041 -60.2696 148.198
1042 -60.3677 148.998
1043 -60.4301 149.766
1044 -60.4657 150.465
1045 -60.4817 151.082
1046 -60.4862 151.623
1047 -60.4883 152.109
1048 -60.4901 152.562
1049 -60.4799 152.991
1050 -60.4269 153.388
1051 -60.2882 153.727
1052 -60.022 153.972
1053 -59.607 154.092
1054 -59.0571 154.074
1055 -58.4243 153.931
1056 -57.7885 153.705
1057 -57.2328 153.449
1058 -56.8144 153.206
1059 -56.5442 152.996
1060 -56.3881 152.801
1061 -56.2811 152.573
1062 -56.1531 152.252
1063 -55.9478 151.786
1064 -55.6356 151.151
1065 -55.2126 150.358
1066 -54.6967 149.449
1067 -54.1199 148.487
1068 -53.5184 147.532
1069 -52.9225 146.628
1070 -52.349 145.793
1071 -51.7933 145.02
1072 -51.2299 144.288
1073 -50.6182 143.576
1074 -49.9155 142.872
1075 -49.0911 142.188
1076 -48.139 141.561
1077 -47.0846 141.044
1078 -45.9804 140.688
1079 -44.8891 140.523
1080 -43.8619 140.546
1081 -42.9152 140.718
1082 -42.0204 140.975
1083 -41.1163 141.244
1084 -40.1341 141.461
1085 -39.0225 141.591
1086 -37.7725 141.624
1087 -36.4229 141.576
1088 -35.0534 141.472
1089 -33.7638 141.341
1090 -32.6488 141.203
1091 -31.7792 141.068
1092 -31.1919 140.938
1093 -30.8938 140.81
1094 -30.8682 140.682
1095 -31.0833 140.552
1096 -31.498 140.421
1097 -32.0663 140.29
1098 -32.7374 140.165
1099 -33.459 140.046
1100 -34.183 139.928
1101 -34.8736 139.802
1102 -35.5118 139.654
1103 -36.0907 139.474
1104 -36.6019 139.258
1105 -37.0203 139.006
1106 -37.295 138.722
1107 -37.356 138.41
1108 -37.1395 138.069
1109 -36.6188 137.693
1110 -35.8267 137.276
1111 -34.8579 136.819
1112 -33.8508 136.334
1113 -32.9518 135.849
1114 -32.2851 135.407
1115 -31.9396 135.061
1116 -31.9558 134.861
1117 -32.3236 134.84
1118 -32.9853 135.003
1119 -33.8448 135.326
1120 -34.7851 135.753
1121 -35.6893 136.216
1122 -36.4611 136.645
1123 -37.0381 136.986
1124 -37.3975 137.214
1125 -37.5529 137.337
1126 -37.5443 137.386
1127 -37.4175 137.405
1128 -37.2095 137.431
1129 -36.939 137.479
1130 -36.6103 137.544
1131 -36.2277 137.604
1132 -35.8172 137.634
1133 -35.4348 137.624
1134 -35.1657 137.583
1135 -35.1097 137.543
1136 -35.3523 137.545
1137 -35.9368 137.626
1138 -36.8499 137.806
1139 -38.024 138.082
1140 -39.3569 138.43
1141 -40.738 138.807
1142 -42.0693 139.171
1143 -43.2789 139.483
1144 -44.3231 139.721
1145 -45.183 139.885
1146 -45.8584 139.995
1147 -46.3605 140.082
1148 -46.7053 140.177
1149 -46.9045 140.301
1150 -46.9582 140.46
1151 -46.8492 140.637
1152 -46.5448 140.804
1153 -46.0068 140.926
1154 -45.2078 140.976
1155 -44.1493 140.945
1156 -42.8734 140.845
1157 -41.4667 140.706
1158 -40.0418 140.557
1159 -38.7074 140.417
1160 -37.5351 140.277
1161 -36.5387 140.108
1162 -35.678 139.866
1163 -34.8782 139.505
1164 -34.0609 138.995
1165 -33.1748 138.332
1166 -32.2089 137.531
1167 -31.1989 136.633
1168 -30.211 135.685
1169 -29.3235 134.74
1170 -28.6118 133.853
1171 -28.1294 133.077
1172 -27.9001 132.455
1173 -27.9119 132.015
1174 -28.1156 131.757
1175 -28.4251 131.659
1176 -28.7309 131.677
1177 -28.9245 131.759
1178 -28.9296 131.857
1179 -28.7239 131.935
1180 -28.3402 131.968
1181 -27.8454 131.946
1182 -27.3082 131.868
1183 -26.7711 131.733
1184 -26.233 131.534
1185 -25.6485 131.254
1186 -24.9444 130.866
1187 -24.046 130.34
1188 -22.9012 129.647
1189 -21.4996 128.772
1190 -19.8826 127.727
1191 -18.1374 126.555
1192 -16.3861 125.336
1193 -14.7696 124.179
1194 -13.4308 123.204
1195 -12.49 122.515
1196 -12.0227 122.176
1197 -12.0387 122.198
1198 -12.4771 122.541
1199 -13.2205 123.128
1200 -14.1287 123.864
1201 -15.0798 124.657
1202 -16.0002 125.442
1203 -16.8789 126.189
1204 -17.7614 126.903
1205 -18.7227 127.611
1206 -19.8349 128.345
1207 -21.1356 129.116
1208 -22.6105 129.906
1209 -24.1965 130.666
1210 -25.8021 131.325
1211 -27.3403 131.812
1212 -28.7581 132.077
1213 -30.0427 132.108
1214 -31.2152 131.936
1215 -32.3158 131.626
1216 -33.3826 131.265
1217 -34.4349 130.933
1218 -35.4619 130.691
1219 -36.4235 130.563
1220 -37.2596 130.532
1221 -37.9003 130.552
1222 -38.2797 130.559
1223 -38.3533 130.501
1224 -38.1153 130.354
1225 -37.606 130.132
1226 -36.9106 129.886
1227 -36.1435 129.688
1228 -35.4192 129.615
1229 -34.8241 129.724
1230 -34.3984 130.038
1231 -34.1371 130.544
1232 -34.0073 131.199
1233 -33.9739 131.95
1234 -34.0237 132.755
1235 -34.1759 133.592
1236 -34.4778 134.462
1237 -34.9882 135.376
1238 -35.753 136.341
1239 -36.785 137.339
1240 -38.0592 138.332
1241 -39.517 139.268
1242 -41.0848 140.093
1243 -42.6824 140.765
1244 -44.2399 141.258
1245 -45.7171 141.573
1246 -47.1028 141.728
1247 -48.4116 141.756
1248 -49.6783 141.694
1249 -50.946 141.583
1250 -52.2507 141.464
1251 -53.6083 141.373
1252 -55.009 141.343
1253 -56.408 141.392
1254 -57.7301 141.526
1255 -58.8903 141.743
1256 -59.8056 142.037
1257 -60.416 142.405
1258 -60.7025 142.845
1259 -60.6933 143.351
1260 -60.451 143.909
1261 -60.05 144.494
1262 -59.5512 145.075
1263 -58.9902 145.624
1264 -58.3768 146.122
1265 -57.7072 146.563
1266 -56.9823 146.95
1267 -56.2186 147.284
1268 -55.4592 147.559
1269 -54.7692 147.752
1270 -54.2203 147.83
1271 -53.8783 147.763
1272 -53.7944 147.541
1273 -53.9988 147.178
1274 -54.4972 146.72
1275 -55.2656 146.225
1276 -56.2478 145.745
1277 -57.3586 145.309
1278 -58.4924 144.918
1279 -59.5459 144.55
1280 -60.4396 144.173
1281 -61.1362 143.767
1282 -61.6418 143.33
1283 -61.9926 142.888
1284 -62.2282 142.482
1285 -62.365 142.158
1286 -62.3841 141.95
1287 -62.2377 141.867
1288 -61.8717 141.894
1289 -61.252 141.995
1290 -60.3829 142.128
1291 -59.3101 142.252
1292 -58.1141 142.341
1293 -56.8932 142.392
1294 -55.7457 142.425
1295 -54.7565 142.484
1296 -53.9808 142.616
1297 -53.4335 142.856
1298 -53.0845 143.208
1299 -52.8648 143.643
1300 -52.6845 144.095
1301 -52.4559 144.491
1302 -52.1119 144.761
1303 -51.6202 144.868
1304 -50.9866 144.808
1305 -50.2521 144.613
1306 -49.4827 144.335
1307 -48.7545 144.032
1308 -48.1334 143.746
1309 -47.6598 143.487
1310 -47.3459 143.237
1311 -47.1793 142.956
1312 -47.1367 142.602
1313 -47.1965 142.15
1314 -47.3473 141.598
1315 -47.5918 140.974
1316 -47.9407 140.323
1317 -48.4054 139.694
1318 -48.9879 139.131
1319 -49.6715 138.657
1320 -50.4133 138.275
1321 -51.1455 137.969
1322 -51.7827 137.709
1323 -52.2321 137.466
1324 -52.412 137.219
1325 -52.2711 136.966
1326 -51.8012 136.727
1327 -51.0395 136.533
1328 -50.0581 136.426
1329 -48.9413 136.439
1330 -47.7661 136.599
1331 -46.5887 136.912
1332 -45.445 137.363
1333 -44.3614 137.924
1334 -43.3674 138.556
1335 -42.5028 139.224
1336 -41.8177 139.906
1337 -41.3647 140.591
1338 -41.1884 141.277
1339 -41.3148 141.96
1340 -41.7435 142.633
1341 -42.4491 143.282
1342 -43.387 143.888
1343 -44.5014 144.429
1344 -45.7322 144.891
1345 -47.0169 145.262
1346 -48.2939 145.534
1347 -49.5114 145.703
1348 -50.6311 145.763
1349 -51.6339 145.708
1350 -52.5259 145.536
1351 -53.3293 145.255
1352 -54.0753 144.888
1353 -54.7936 144.476
1354 -55.504 144.069
1355 -56.2099 143.716
1356 -56.8923 143.455
1357 -57.5116 143.3
1358 -58.0146 143.24
1359 -58.3502 143.24
1360 -58.487 143.255
1361 -58.4219 143.241
1362 -58.1815 143.173
1363 -57.8111 143.056
1364 -57.3611 142.925
1365 -56.8728 142.835
1366 -56.3678 142.836
1367 -55.8467 142.957
1368 -55.2936 143.19
1369 -54.6884 143.495
1370 -54.0209 143.804
1371 -53.2996 144.05
1372 -52.5558 144.185
1373 -51.8423 144.196
1374 -51.2284 144.115
1375 -50.7898 144
1376 -50.5878 143.925
1377 -50.648 143.945
1378 -50.9468 144.083
1379 -51.4119 144.318
1380 -51.9393 144.592
1381 -52.4225 144.831
1382 -52.7801 144.964
1383 -52.9716 144.946
1384 -53.0006 144.772
1385 -52.9089 144.475
1386 -52.761 144.118
1387 -52.6272 143.772
1388 -52.5681 143.495
1389 -52.6267 143.313
1390 -52.8254 143.22
1391 -53.17 143.181
1392 -53.6532 143.155
1393 -54.2629 143.111
1394 -54.9855 143.043
1395 -55.8097 142.975
1396 -56.7302 142.95
1397 -57.7486 143.016
1398 -58.8687 143.212
1399 -60.0851 143.555
1400 -61.3695 144.032
1401 -62.665 144.604
1402 -63.889 145.215
1403 -64.9526 145.811
1404 -65.7816 146.353
1405 -66.3337 146.828
1406 -66.6073 147.244
1407 -66.6419 147.629
1408 -66.5057 148.016
1409 -66.2812 148.437
1410 -66.0494 148.906
1411 -65.8783 149.419
1412 -65.8192 149.952
1413 -65.9054 150.467
1414 -66.1535 150.93
1415 -66.5647 151.315
1416 -67.1255 151.612
1417 -67.8097 151.821
1418 -68.582 151.947
1419 -69.4042 151.993
1420 -70.2442 151.963
1421 -71.0756 151.86
1422 -71.8762 151.688
1423 -72.6179 151.456
1424 -73.2612 151.176
1425 -73.7517 150.854
1426 -74.0256 150.496
1427 -74.0246 150.099
1428 -73.7087 149.657
1429 -73.0689 149.169
1430 -72.1311 148.645
1431 -70.9527 148.112
1432 -69.6149 147.618
1433 -68.2133 147.226
1434 -66.843 146.998
1435 -65.5872 146.986
1436 -64.5022 147.215
1437 -63.6119 147.679
1438 -62.91 148.336
1439 -62.3693 149.125
1440 -61.9548 149.971
1441 -61.6359 150.804
1442 -61.396 151.578
1443 -61.2373 152.274
1444 -61.1788 152.902
1445 -61.2458 153.489
1446 -61.4572 154.062
1447 -61.8104 154.628
1448 -62.2758 155.164
1449 -62.8001 155.618
1450 -63.3204 155.929
1451 -63.785 156.043
1452 -64.1692 155.939
1453 -64.4849 155.637
1454 -64.7752 155.193
1455 -65.0964 154.687
1456 -65.4968 154.192
1457 -65.9982 153.764
1458 -66.5894 153.421
1459 -67.2302 153.155
1460 -67.8635 152.941
1461 -68.4278 152.749
1462 -68.8649 152.559
1463 -69.1266 152.364
1464 -69.1784 152.177
1465 -69.0065 152.022
1466 -68.6223 151.928
1467 -68.0631 151.918
1468 -67.3821 152
1469 -66.6313 152.164
1470 -65.8419 152.383
1471 -65.0166 152.622
1472 -64.1371 152.844
1473 -63.1809 153.024
1474 -62.1396 153.151
1475 -61.0292 153.236
1476 -59.8918 153.299
1477 -58.7845 153.362
1478 -57.7593 153.431
1479 -56.8476 153.494
1480 -56.0591 153.52
1481 -55.3852 153.473
1482 -54.8058 153.327
1483 -54.2997 153.078
1484 -53.8492 152.744
1485 -53.4404 152.357
1486 -53.0656 151.956
1487 -52.7247 151.568
1488 -52.4263 151.209
1489 -52.1908 150.884
1490 -52.0471 150.592
1491 -52.0282 150.338
1492 -52.1617 150.139
1493 -52.4585 150.016
1494 -52.9055 149.991
1495 -53.4607 150.073
1496 -54.0613 150.259
1497 -54.6393 150.527
1498 -55.1372 150.846
1499 -55.5201 151.182
1500 -55.7765 151.5
1501 -55.9124 151.777
1502 -55.9426 152
1503 -55.8839 152.171
1504 -55.7526 152.301
1505 -55.5616 152.408
1506 -55.3209 152.502
1507 -55.0349 152.583
1508 -54.7028 152.632
1509 -54.3189 152.615
1510 -53.8787 152.496
1511 -53.3875 152.251
1512 -52.8721 151.883
1513 -52.3876 151.428
1514 -52.0124 150.948
1515 -51.8293 150.515
1516 -51.9002 150.19
1517 -52.2443 150.004
1518 -52.8293 149.946
1519 -53.5839 149.976
1520 -54.422 150.034
1521 -55.2696 150.068
1522 -56.0795 150.048
1523 -56.8353 149.976
1524 -57.542 149.88
1525 -58.2106 149.803
1526 -58.8452 149.787
1527 -59.4378 149.853
1528 -59.9671 149.996
1529 -60.4044 150.186
1530 -60.7185 150.376
1531 -60.8805 150.52
1532 -60.8685 150.586
1533 -60.6715 150.566
1534 -60.2977 150.477
1535 -59.7768 150.354
1536 -59.1618 150.239
1537 -58.5195 150.169
1538 -57.9118 150.166
1539 -57.3784 150.226
1540 -56.9298 150.331
1541 -56.551 150.451
1542 -56.2152 150.56
1543 -55.9042 150.645
1544 -55.6202 150.714
1545 -55.3917 150.792
1546 -55.266 150.911
1547 -55.2941 151.099
1548 -55.5146 151.367
1549 -55.9434 151.703
1550 -56.5704 152.068
1551 -57.3655 152.414
1552 -58.2865 152.691
1553 -59.2893 152.869
1554 -60.3314 152.937
1555 -61.3686 152.906
1556 -62.3587 152.788
1557 -63.2611 152.594
1558 -64.0464 152.316
1559 -64.697 151.933
1560 -65.2043 151.419
1561 -65.5639 150.754
1562 -65.7695 149.932
1563 -65.8072 148.97
1564 -65.6537 147.899
1565 -65.2834 146.758
1566 -64.6784 145.581
1567 -63.8399 144.395
1568 -62.7953 143.221
1569 -61.5957 142.076
1570 -60.3118 140.99
1571 -59.0227 140.007
1572 -57.803 139.177
1573 -56.7193 138.552
1574 -55.8249 138.175
1575 -55.15 138.061
1576 -54.7004 138.199
1577 -54.4557 138.556
1578 -54.3747 139.078
1579 -54.4074 139.706
1580 -54.5077 140.381
1581 -54.6473 141.06
1582 -54.8219 141.715
1583 -55.0492 142.338
1584 -55.3585 142.929
1585 -55.778 143.492
1586 -56.3204 144.019
1587 -56.9796 144.489
1588 -57.7287 144.858
1589 -58.5316 145.071
1590 -59.3581 145.073
1591 -60.192 144.832
1592 -61.0357 144.343
1593 -61.9028 143.643
1594 -62.806 142.796
1595 -63.7462 141.875
1596 -64.7007 140.947
1597 -65.6245 140.048
1598 -66.4531 139.183
1599 -67.1179 138.335
1600 -67.5624 137.474
1601 -67.7502 136.576
1602 -67.6696 135.646
1603 -67.334 134.716
1604 -66.7803 133.846
1605 -66.063 133.109
1606 -65.2475 132.578
1607 -64.3964 132.302
1608 -63.5563 132.297
1609 -62.7474 132.543
1610 -61.9701 132.993
1611 -61.2149 133.583
1612 -60.4786 134.251
1613 -59.7795 134.949
1614 -59.1584 135.65
1615 -58.6697 136.343
1616 -58.3628 137.024
1617 -58.2644 137.684
1618 -58.3673 138.295
1619 -58.6316 138.816
1620 -58.9969 139.199
1621 -59.398 139.403
1622 -59.7807 139.406
1623 -60.1096 139.209
1624 -60.3715 138.837
1625 -60.5722 138.331
1626 -60.7325 137.732
1627 -60.8807 137.079
1628 -61.044 136.399
1629 -61.2407 135.707
1630 -61.4724 135.015
1631 -61.7242 134.337
1632 -61.9687 133.691
1633 -62.1747 133.098
1634 -62.3166 132.582
1635 -62.3788 132.162
1636 -62.3577 131.848
1637 -62.256 131.639
1638 -62.077 131.52
1639 -61.8213 131.467
1640 -61.489 131.452
1641 -61.0853 131.448
1642 -60.6266 131.447
1643 -60.1427 131.451
1644 -59.6733 131.479
1645 -59.2609 131.552
1646 -58.9457 131.683
1647 -58.7598 131.869
1648 -58.7294 132.083
1649 -58.8771 132.287
1650 -59.225 132.439
1651 -59.7917 132.515
1652 -60.5878 132.515
1653 -61.6067 132.463
1654 -62.8174 132.402
1655 -64.1633 132.37
1656 -65.5678 132.39
1657 -66.9457 132.459
1658 -68.2205 132.555
1659 -69.3351 132.648
1660 -70.249 132.707
1661 -70.9384 132.713
1662 -71.3923 132.664
1663 -71.6074 132.57
1664 -71.5886 132.456
1665 -71.3479 132.349
1666 -70.9058 132.276
1667 -70.2919 132.253
1668 -69.5452 132.286
1669 -68.7114 132.367
1670 -67.8398 132.481
1671 -66.982 132.614
1672 -66.1906 132.756
1673 -65.5163 132.914
1674 -65.007 133.102
1675 -64.6997 133.34
1676 -64.6142 133.642
1677 -64.7476 134.002
1678 -65.0756 134.398
1679 -65.5618 134.794
1680 -66.1669 135.153
1681 -66.8596 135.447
1682 -67.6213 135.669
1683 -68.4419 135.832
1684 -69.3114 135.961
1685 -70.2129 136.084
1686 -71.1179 136.219
1687 -71.987 136.373
1688 -72.7836 136.541
1689 -73.4872 136.717
1690 -74.0998 136.903
1691 -74.6499 137.114
1692 -75.182 137.378
1693 -75.7384 137.73
1694 -76.3406 138.199
1695 -76.9758 138.797
1696 -77.5993 139.51
1697 -78.1489 140.301
1698 -78.5624 141.11
1699 -78.79 141.871
1700 -78.7997 142.524
1701 -78.578 143.033
1702 -78.1273 143.388
1703 -77.4695 143.608
1704 -76.6459 143.733
1705 -75.7147 143.809
1706 -74.7402 143.874
1707 -73.7755 143.946
1708 -72.8485 144.02
1709 -71.9568 144.074
1710 -71.0737 144.082
1711 -70.1714 144.031
1712 -69.2409 143.928
1713 -68.3098 143.81
1714 -67.4434 143.731
1715 -66.7275 143.755
1716 -66.2428 143.937
1717 -66.0355 144.306
1718 -66.1029 144.86
1719 -66.3937 145.563
1720 -66.8285 146.362
1721 -67.3202 147.196
1722 -67.7937 148.02
1723 -68.1931 148.807
1724 -68.4846 149.546
1725 -68.6578 150.242
1726 -68.7212 150.897
1727 -68.6957 151.508
1728 -68.6045 152.051
1729 -68.4636 152.492
1730 -68.2724 152.794
1731 -68.0098 152.925
1732 -67.6334 152.867
1733 -67.0882 152.624
1734 -66.3188 152.214
1735 -65.2841 151.661
1736 -63.971 150.992
1737 -62.3982 150.228
1738 -60.6194 149.392
1739 -58.7133 148.507
1740 -56.7629 147.606
1741 -54.8411 146.725
1742 -53.0057 145.909
1743 -51.2922 145.199
1744 -49.7177 144.627
1745 -48.2915 144.21
1746 -47.02 143.954
1747 -45.9116 143.848
1748 -44.9844 143.882
1749 -44.2708 144.043
1750 -43.818 144.331
1751 -43.6837 144.753
1752 -43.9241 145.321
1753 -44.5744 146.045
1754 -45.6312 146.925
1755 -47.0393 147.939
1756 -48.694 149.046
1757 -50.4548 150.184
1758 -52.1824 151.285
1759 -53.7685 152.292
1760 -55.1436 153.163
1761 -56.2807 153.883
1762 -57.1851 154.459
1763 -57.8741 154.918
1764 -58.36 155.287
1765 -58.641 155.583
1766 -58.6979 155.801
1767 -58.4978 155.917
1768 -58.0066 155.891
1769 -57.2007 155.688
1770 -56.0806 155.292
1771 -54.6819 154.721
1772 -53.0845 154.03
1773 -51.3981 153.297
1774 -49.7424 152.607
1775 -48.2271 152.028
1776 -46.9202 151.596
1777 -45.8307 151.308
1778 -44.9145 151.128
1779 -44.0966 151.005
1780 -43.3008 150.892
1781 -42.4784 150.766
1782 -41.6284 150.631
1783 -40.794 150.516
1784 -40.0488 150.47
1785 -39.4779 150.54
1786 -39.1462 150.754
1787 -39.0776 151.111
1788 -39.2483 151.579
1789 -39.5985 152.102
1790 -40.0563 152.62
1791 -40.562 153.084
1792 -41.0856 153.475
1793 -41.6321 153.802
1794 -42.2338 154.097
1795 -42.9344 154.399
1796 -43.7695 154.742
1797 -44.7477 155.133
1798 -45.845 155.557
1799 -47.0051 155.972
1800 -48.1484 156.325
1801 -49.1869 156.566
1802 -50.0438 156.665
1803 -50.6617 156.616
1804 -51.0137 156.437
1805 -51.1131 156.167
1806 -51.0078 155.849
1807 -50.7685 155.521
1808 -50.4701 155.207
1809 -50.1698 154.913
1810 -49.8929 154.631
1811 -49.6307 154.344
1812 -49.3469 154.039
1813 -48.9988 153.711
1814 -48.5563 153.372
1815 -48.0179 153.043
1816 -47.4176 152.75
1817 -46.8239 152.522
1818 -46.3187 152.384
1819 -45.9801 152.354
1820 -45.8684 152.447
1821 -46.0114 152.67
1822 -46.4026 153.022
1823 -47.0002 153.491
1824 -47.7371 154.055
1825 -48.5383 154.684
1826 -49.3371 155.344
1827 -50.0942 156.006
1828 -50.8056 156.645
1829 -51.5027 157.251
1830 -52.2388 157.824
1831 -53.0668 158.372
1832 -54.01 158.898
1833 -55.0476 159.4
1834 -56.1126 159.862
1835 -57.1043 160.256
1836 -57.9211 160.547
1837 -58.4884 160.7
1838 -58.7768 160.688
1839 -58.8032 160.501
1840 -58.6202 160.146
1841 -58.2978 159.656
1842 -57.9085 159.075
1843 -57.5084 158.453
1844 -57.128 157.832
1845 -56.7701 157.237
1846 -56.4126 156.671
1847 -56.0165 156.114
1848 -55.5409 155.539
1849 -54.9572 154.922
1850 -54.2638 154.261
1851 -53.4971 153.584
1852 -52.7333 152.952
1853 -52.0705 152.442
1854 -51.6014 152.129
1855 -51.3823 152.056
1856 -51.4061 152.222
1857 -51.5993 152.576
1858 -51.8429 153.031
1859 -52.0092 153.492
1860 -52.0009 153.883
1861 -51.7766 154.166
1862 -51.3573 154.345
1863 -50.8162 154.46
1864 -50.2523 154.562
1865 -49.7588 154.695
1866 -49.3934 154.873
1867 -49.1647 155.08
1868 -49.0363 155.273
1869 -48.9456 155.4
1870 -48.8276 155.419
1871 -48.6384 155.31
1872 -48.3668 155.084
1873 -48.0373 154.777
1874 -47.7033 154.442
1875 -47.4346 154.131
1876 -47.2975 153.885
1877 -47.3372 153.725
1878 -47.5641 153.645
1879 -47.9502 153.616
1880 -48.4333 153.595
1881 -48.9312 153.536
1882 -49.3596 153.407
1883 -49.6533 153.189
1884 -49.7846 152.89
1885 -49.7751 152.533
1886 -49.693 152.155
1887 -49.6341 151.792
1888 -49.6899 151.467
1889 -49.9187 151.187
1890 -50.3246 150.936
1891 -50.8579 150.689
1892 -51.4344 150.415
1893 -51.9582 150.092
1894 -52.3511 149.716
1895 -52.5734 149.294
1896 -52.6295 148.844
1897 -52.5601 148.394
1898 -52.4249 147.975
1899 -52.2827 147.616
1900 -52.1745 147.348
1901 -52.114 147.193
1902 -52.0858 147.166
1903 -52.0521 147.266
1904 -51.9617 147.484
1905 -51.7654 147.795
1906 -51.4275 148.17
1907 -50.9379 148.58
1908 -50.318 149.001
1909 -49.6216 149.417
1910 -48.9255 149.819
1911 -48.316 150.2
1912 -47.8651 150.555
1913 -47.6116 150.868
1914 -47.5498 151.113
1915 -47.6305 151.257
1916 -47.7812 151.266
1917 -47.9314 151.105
1918 -48.0352 150.755
1919 -48.0841 150.216
1920 -48.1033 149.514
1921 -48.1395 148.696
1922 -48.2385 147.827
1923 -48.4266 146.969
1924 -48.6954 146.172
1925 -49.0007 145.459
1926 -49.2707 144.824
1927 -49.4238 144.241
1928 -49.389 143.676
1929 -49.1219 143.106
1930 -48.6142 142.531
1931 -47.896 141.976
1932 -47.0285 141.489
1933 -46.0916 141.122
1934 -45.1636 140.913
1935 -44.3021 140.876
1936 -43.5308 140.993
1937 -42.8385 141.217
1938 -42.1892 141.488
1939 -41.5408 141.745
1940 -40.8663 141.943
1941 -40.1722 142.062
1942 -39.5079 142.109
1943 -38.9589 142.111
1944 -38.6274 142.11
1945 -38.6056 142.139
1946 -38.9439 142.217
1947 -39.6323 142.338
1948 -40.6001 142.472
1949 -41.7336 142.575
1950 -42.9051 142.605
1951 -44.0033 142.535
1952 -44.955 142.368
1953 -45.7334 142.128
1954 -46.3502 141.858
1955 -46.8401 141.6
1956 -47.2406 141.387
1957 -47.5767 141.233
1958 -47.8511 141.131
1959 -48.0476 141.066
1960 -48.1388 141.016
1961 -48.0973 140.966
1962 -47.907 140.91
1963 -47.5717 140.856
1964 -47.1217 140.821
1965 -46.6137 140.825
1966 -46.1264 140.888
1967 -45.748 141.025
1968 -45.5588 141.242
1969 -45.6161 141.535
1970 -45.9429 141.89
1971 -46.525 142.286
1972 -47.3158 142.701
1973 -48.2475 143.113
1974 -49.2471 143.502
1975 -50.2522 143.854
1976 -51.2205 144.156
1977 -52.1347 144.402
1978 -52.9968 144.587
1979 -53.823 144.718
1980 -54.6367 144.806
1981 -55.4601 144.873
1982 -56.3086 144.943
1983 -57.181 145.036
1984 -58.0593 145.165
1985 -58.9151 145.329
1986 -59.7177 145.517
1987 -60.4476 145.714
1988 -61.1035 145.908
1989 -61.7067 146.099
1990 -62.2975 146.298
1991 -62.9223 146.529
1992 -63.6184 146.814
1993 -64.3993 147.171
1994 -65.2468 147.598
1995 -66.1115 148.071
1996 -66.9261 148.55
1997 -67.6231 148.985
1998 -68.1515 149.334
1999 -68.4886 149.569
2000 -68.6426 149.686
2001 -68.6482 149.701
