     1	-63.9575
     2	-63.4674
     3	-63.1623
     4	-63.0423
     5	-63.0967
     6	-63.2991
     7	-63.6036
     8	-63.9482
     9	-64.2636
    10	-64.4871
    11	-64.5752
    12	-64.5106
    13	-64.3067
    14	-64.0032
    15	-63.6578
    16	-63.3306
    17	-63.0695
    18	-62.897
    19	-62.8061
    20	-62.7707
    21	-62.7587
    22	-62.7474
    23	-62.7337
    24	-62.7346
    25	-62.7752
    26	-62.8759
    27	-63.0371
    28	-63.2368
    29	-63.4345
    30	-63.5814
    31	-63.6311
    32	-63.5469
    33	-63.3067
    34	-62.9084
    35	-62.3727
    36	-61.7444
    37	-61.0882
    38	-60.4769
    39	-59.9782
    40	-59.6376
    41	-59.4669
    42	-59.4397
    43	-59.504
    44	-59.603
    45	-59.6968
    46	-59.7729
    47	-59.8439
    48	-59.9353
    49	-60.0702
    50	-60.2556
    51	-60.4773
    52	-60.701
    53	-60.8815
    54	-60.9763
    55	-60.9599
    56	-60.8319
    57	-60.6186
    58	-60.3696
    59	-60.1481
    60	-60.0195
    61	-60.0344
    62	-60.2141
    63	-60.5411
    64	-60.9599
    65	-61.3939
    66	-61.7688
    67	-62.0307
    68	-62.1564
    69	-62.1543
    70	-62.0532
    71	-61.8885
    72	-61.69
    73	-61.4707
    74	-61.2217
    75	-60.9172
    76	-60.5226
    77	-60.0077
    78	-59.3605
    79	-58.5978
    80	-57.7677
    81	-56.9468
    82	-56.224
    83	-55.6769
    84	-55.346
    85	-55.2217
    86	-55.2464
    87	-55.3318
    88	-55.3867
    89	-55.3373
    90	-55.1379
    91	-54.775
    92	-54.2641
    93	-53.6428
    94	-52.9646
    95	-52.2874
    96	-51.6623
    97	-51.1246
    98	-50.6903
    99	-50.3626
   100	-50.1416
   101	-50.0363
   102	-50.0685
   103	-50.2693
   104	-50.6659
   105	-51.2667
   106	-52.0513
   107	-52.9699
   108	-53.9536
   109	-54.9268
   110	-55.8217
   111	-56.5837
   112	-57.1756
   113	-57.5736
   114	-57.7686
   115	-57.7663
   116	-57.5819
   117	-57.2338
   118	-56.735
   119	-56.0891
   120	-55.2903
   121	-54.3292
   122	-53.1987
   123	-51.9053
   124	-50.4732
   125	-48.9382
   126	-47.3423
   127	-45.7273
   128	-44.1244
   129	-42.5535
   130	-41.0248
   131	-39.5404
   132	-38.0964
   133	-36.6902
   134	-35.3303
   135	-34.0368
   136	-32.8479
   137	-31.8199
   138	-31.0219
   139	-30.5267
   140	-30.3917
   141	-30.638
   142	-31.2315
   143	-32.0784
   144	-33.0411
   145	-33.9665
   146	-34.7193
   147	-35.2077
   148	-35.3957
   149	-35.2991
   150	-34.9703
   151	-34.4792
   152	-33.894
   153	-33.2648
   154	-32.6182
   155	-31.9587
   156	-31.2819
   157	-30.5939
   158	-29.9258
   159	-29.3447
   160	-28.9486
   161	-28.8453
   162	-29.12
   163	-29.7991
   164	-30.8295
   165	-32.0853
   166	-33.3994
   167	-34.6036
   168	-35.5685
   169	-36.2223
   170	-36.5527
   171	-36.6002
   172	-36.4447
   173	-36.1833
   174	-35.9069
   175	-35.6786
   176	-35.525
   177	-35.4394
   178	-35.3977
   179	-35.3784
   180	-35.3774
   181	-35.4134
   182	-35.5224
   183	-35.7467
   184	-36.1173
   185	-36.6413
   186	-37.2931
   187	-38.0146
   188	-38.7259
   189	-39.3433
   190	-39.7927
   191	-40.026
   192	-40.0316
   193	-39.8361
   194	-39.4988
   195	-39.0979
   196	-38.7142
   197	-38.4129
   198	-38.2346
   199	-38.1954
   200	-38.2938
   201	-38.5244
   202	-38.8852
   203	-39.3817
   204	-40.022
   205	-40.8085
   206	-41.731
   207	-42.7637
   208	-43.8679
   209	-44.9983
   210	-46.1112
   211	-47.169
   212	-48.143
   213	-49.0183
   214	-49.7947
   215	-50.4857
   216	-51.1152
   217	-51.7082
   218	-52.2839
   219	-52.8478
   220	-53.3886
   221	-53.8773
   222	-54.2724
   223	-54.5285
   224	-54.6088
   225	-54.4978
   226	-54.2043
   227	-53.7589
   228	-53.2062
   229	-52.5955
   230	-51.9673
   231	-51.3481
   232	-50.7459
   233	-50.1534
   234	-49.5581
   235	-48.9516
   236	-48.3418
   237	-47.7588
   238	-47.2552
   239	-46.9011
   240	-46.7738
   241	-46.9373
   242	-47.4203
   243	-48.2001
   244	-49.2014
   245	-50.3106
   246	-51.4053
   247	-52.3847
   248	-53.1877
   249	-53.7972
   250	-54.2296
   251	-54.5173
   252	-54.6911
   253	-54.7718
   254	-54.7697
   255	-54.6908
   256	-54.5461
   257	-54.3562
   258	-54.1538
   259	-53.981
   260	-53.8879
   261	-53.9274
   262	-54.1492
   263	-54.5894
   264	-55.2606
   265	-56.1429
   266	-57.1839
   267	-58.3053
   268	-59.4201
   269	-60.4506
   270	-61.3353
   271	-62.0404
   272	-62.5582
   273	-62.9053
   274	-63.1146
   275	-63.2233
   276	-63.2641
   277	-63.2577
   278	-63.2109
   279	-63.122
   280	-62.9886
   281	-62.815
   282	-62.6146
   283	-62.4099
   284	-62.2266
   285	-62.0836
   286	-61.9862
   287	-61.9203
   288	-61.853
   289	-61.7353
   290	-61.5093
   291	-61.1163
   292	-60.5092
   293	-59.6731
   294	-58.6448
   295	-57.5209
   296	-56.446
   297	-55.5786
   298	-55.0576
   299	-54.9725
   300	-55.3467
   301	-56.143
   302	-57.2787
   303	-58.6443
   304	-60.1258
   305	-61.6265
   306	-63.0751
   307	-64.4305
   308	-65.6701
   309	-66.7804
   310	-67.7485
   311	-68.5532
   312	-69.1631
   313	-69.5404
   314	-69.6495
   315	-69.468
   316	-68.9962
   317	-68.2653
   318	-67.3424
   319	-66.328
   320	-65.3439
   321	-64.5126
   322	-63.9308
   323	-63.6438
   324	-63.6346
   325	-63.835
   326	-64.1502
   327	-64.4875
   328	-64.783
   329	-65.0083
   330	-65.163
   331	-65.2569
   332	-65.2961
   333	-65.2747
   334	-65.1784
   335	-64.9967
   336	-64.7324
   337	-64.4015
   338	-64.0344
   339	-63.6724
   340	-63.3677
   341	-63.1825
   342	-63.1804
   343	-63.4121
   344	-63.8955
   345	-64.6018
   346	-65.4536
   347	-66.3358
   348	-67.1248
   349	-67.7118
   350	-68.0211
   351	-68.0205
   352	-67.7226
   353	-67.1783
   354	-66.4612
   355	-65.6479
   356	-64.7995
   357	-63.95
   358	-63.1096
   359	-62.2736
   360	-61.4396
   361	-60.6204
   362	-59.8514
   363	-59.1888
   364	-58.6969
   365	-58.4347
   366	-58.4366
   367	-58.6986
   368	-59.1745
   369	-59.7784
   370	-60.4003
   371	-60.9246
   372	-61.2571
   373	-61.347
   374	-61.2001
   375	-60.877
   376	-60.4722
   377	-60.0843
   378	-59.7912
   379	-59.6348
   380	-59.6195
   381	-59.721
   382	-59.9017
   383	-60.1251
   384	-60.3653
   385	-60.6126
   386	-60.8732
   387	-61.1623
   388	-61.4963
   389	-61.8843
   390	-62.32
   391	-62.7755
   392	-63.201
   393	-63.5352
   394	-63.7208
   395	-63.7192
   396	-63.5251
   397	-63.1697
   398	-62.7149
   399	-62.238
   400	-61.8152
   401	-61.5027
   402	-61.3222
   403	-61.2588
   404	-61.2663
   405	-61.2825
   406	-61.2457
   407	-61.1104
   408	-60.8549
   409	-60.4811
   410	-60.0069
   411	-59.4538
   412	-58.8355
   413	-58.1541
   414	-57.4038
   415	-56.5749
   416	-55.6665
   417	-54.6926
   418	-53.6856
   419	-52.6935
   420	-51.7728
   421	-50.9808
   422	-50.3662
   423	-49.9595
   424	-49.7661
   425	-49.7684
   426	-49.9286
   427	-50.1994
   428	-50.5356
   429	-50.9051
   430	-51.2961
   431	-51.7163
   432	-52.1847
   433	-52.7192
   434	-53.3227
   435	-53.9764
   436	-54.6431
   437	-55.2785
   438	-55.8476
   439	-56.3351
   440	-56.7497
   441	-57.117
   442	-57.4641
   443	-57.809
   444	-58.1519
   445	-58.473
   446	-58.7387
   447	-58.9095
   448	-58.945
   449	-58.8089
   450	-58.471
   451	-57.9119
   452	-57.1315
   453	-56.1522
   454	-55.0203
   455	-53.8015
   456	-52.5671
   457	-51.3833
   458	-50.302
   459	-49.3593
   460	-48.5798
   461	-47.9804
   462	-47.576
   463	-47.3822
   464	-47.4132
   465	-47.677
   466	-48.1688
   467	-48.8669
   468	-49.7365
   469	-50.7324
   470	-51.8019
   471	-52.8927
   472	-53.9578
   473	-54.9631
   474	-55.8877
   475	-56.7192
   476	-57.4478
   477	-58.0587
   478	-58.5334
   479	-58.8531
   480	-59.0061
   481	-58.9931
   482	-58.826
   483	-58.5237
   484	-58.1079
   485	-57.6002
   486	-57.0194
   487	-56.3831
   488	-55.708
   489	-55.0098
   490	-54.3049
   491	-53.607
   492	-52.9286
   493	-52.2804
   494	-51.6738
   495	-51.1226
   496	-50.6456
   497	-50.2673
   498	-50.0183
   499	-49.9302
   500	-50.0257
   501	-50.3092
   502	-50.7601
   503	-51.3351
   504	-51.9776
   505	-52.6327
   506	-53.2637
   507	-53.8605
   508	-54.4403
   509	-55.0399
   510	-55.7032
   511	-56.4691
   512	-57.364
   513	-58.3945
   514	-59.5459
   515	-60.7864
   516	-62.0694
   517	-63.3406
   518	-64.5428
   519	-65.6251
   520	-66.5538
   521	-67.3161
   522	-67.918
   523	-68.375
   524	-68.6999
   525	-68.8928
   526	-68.9391
   527	-68.8159
   528	-68.502
   529	-67.9863
   530	-67.2729
   531	-66.3804
   532	-65.3367
   533	-64.1737
   534	-62.9259
   535	-61.6305
   536	-60.3366
   537	-59.1091
   538	-58.0294
   539	-57.1812
   540	-56.6316
   541	-56.4134
   542	-56.5215
   543	-56.921
   544	-57.5677
   545	-58.4213
   546	-59.4509
   547	-60.6239
   548	-61.8949
   549	-63.2008
   550	-64.4699
   551	-65.6401
   552	-66.6796
   553	-67.5911
   554	-68.4041
   555	-69.1597
   556	-69.8867
   557	-70.5876
   558	-71.2383
   559	-71.7963
   560	-72.2147
   561	-72.4564
   562	-72.4994
   563	-72.3333
   564	-71.9524
   565	-71.3559
   566	-70.5531
   567	-69.5748
   568	-68.4803
   569	-67.3523
   570	-66.2783
   571	-65.3258
   572	-64.5254
   573	-63.865
   574	-63.3065
   575	-62.8145
   576	-62.3833
   577	-62.0503
   578	-61.8906
   579	-61.9881
   580	-62.3927
   581	-63.0852
   582	-63.9691
   583	-64.8897
   584	-65.6773
   585	-66.1879
   586	-66.3258
   587	-66.0475
   588	-65.3563
   589	-64.2938
   590	-62.9327
   591	-61.3677
   592	-59.7016
   593	-58.0307
   594	-56.4282
   595	-54.9356
   596	-53.5663
   597	-52.3176
   598	-51.1913
   599	-50.2105
   600	-49.4197
   601	-48.8787
   602	-48.6395
   603	-48.716
   604	-49.0655
   605	-49.5902
   606	-50.16
   607	-50.646
   608	-50.9526
   609	-51.0361
   610	-50.9043
   611	-50.6099
   612	-50.2333
   613	-49.8679
   614	-49.6049
   615	-49.5229
   616	-49.6793
   617	-50.1046
   618	-50.7999
   619	-51.7369
   620	-52.8608
   621	-54.1026
   622	-55.3944
   623	-56.6805
   624	-57.9216
   625	-59.0871
   626	-60.145
   627	-61.0534
   628	-61.7637
   629	-62.2282
   630	-62.4096
   631	-62.2943
   632	-61.8966
   633	-61.2585
   634	-60.4431
   635	-59.5278
   636	-58.5971
   637	-57.7329
   638	-57.0067
   639	-56.4661
   640	-56.1234
   641	-55.9572
   642	-55.9264
   643	-55.9864
   644	-56.1034
   645	-56.2622
   646	-56.4614
   647	-56.7012
   648	-56.9727
   649	-57.25
   650	-57.4919
   651	-57.653
   652	-57.6963
   653	-57.6029
   654	-57.3779
   655	-57.047
   656	-56.6516
   657	-56.2389
   658	-55.8512
   659	-55.5157
   660	-55.235
   661	-54.9869
   662	-54.7278
   663	-54.4039
   664	-53.9648
   665	-53.3745
   666	-52.6221
   667	-51.7246
   668	-50.7253
   669	-49.6829
   670	-48.6579
   671	-47.6958
   672	-46.8207
   673	-46.028
   674	-45.2942
   675	-44.5993
   676	-43.9389
   677	-43.335
   678	-42.8325
   679	-42.4883
   680	-42.354
   681	-42.4554
   682	-42.7784
   683	-43.2691
   684	-43.8448
   685	-44.413
   686	-44.887
   687	-45.1971
   688	-45.2946
   689	-45.1544
   690	-44.7774
   691	-44.1901
   692	-43.4388
   693	-42.5771
   694	-41.6538
   695	-40.7035
   696	-39.7447
   697	-38.7858
   698	-37.8352
   699	-36.9091
   700	-36.0382
   701	-35.2591
   702	-34.6013
   703	-34.0774
   704	-33.6773
   705	-33.3722
   706	-33.1265
   707	-32.9078
   708	-32.6935
   709	-32.4719
   710	-32.2364
   711	-31.9829
   712	-31.7095
   713	-31.4221
   714	-31.1404
   715	-30.9007
   716	-30.7503
   717	-30.7336
   718	-30.8775
   719	-31.1801
   720	-31.6126
   721	-32.131
   722	-32.6913
   723	-33.261
   724	-33.8228
   725	-34.3688
   726	-34.8925
   727	-35.3805
   728	-35.807
   729	-36.1367
   730	-36.3337
   731	-36.3714
   732	-36.2397
   733	-35.9482
   734	-35.5235
   735	-35.0053
   736	-34.4441
   737	-33.8928
   738	-33.4
   739	-32.9951
   740	-32.6707
   741	-32.3815
   742	-32.0521
   743	-31.6014
   744	-30.9702
   745	-30.1425
   746	-29.1569
   747	-28.1059
   748	-27.1083
   749	-26.2804
   750	-25.7093
   751	-25.4317
   752	-25.4349
   753	-25.6767
   754	-26.1118
   755	-26.7117
   756	-27.4715
   757	-28.4027
   758	-29.52
   759	-30.8254
   760	-32.2915
   761	-33.8543
   762	-35.4135
   763	-36.8407
   764	-38.0015
   765	-38.7839
   766	-39.1144
   767	-38.9715
   768	-38.386
   769	-37.4394
   770	-36.2522
   771	-34.966
   772	-33.7195
   773	-32.6261
   774	-31.7621
   775	-31.1672
   776	-30.8566
   777	-30.8353
   778	-31.1083
   779	-31.6802
   780	-32.5483
   781	-33.6922
   782	-35.0697
   783	-36.6096
   784	-38.2183
   785	-39.7929
   786	-41.2259
   787	-42.4164
   788	-43.2717
   789	-43.7176
   790	-43.7098
   791	-43.2436
   792	-42.3575
   793	-41.1311
   794	-39.6737
   795	-38.106
   796	-36.5357
   797	-35.0335
   798	-33.6282
   799	-32.3147
   800	-31.0659
   801	-29.8567
   802	-28.6778
   803	-27.5379
   804	-26.461
   805	-25.4806
   806	-24.6308
   807	-23.936
   808	-23.4054
   809	-23.0262
   810	-22.7606
   811	-22.555
   812	-22.3585
   813	-22.1399
   814	-21.9037
   815	-21.6931
   816	-21.5819
   817	-21.6535
   818	-21.973
   819	-22.5605
   820	-23.3771
   821	-24.3314
   822	-25.3018
   823	-26.1714
   824	-26.8539
   825	-27.3034
   826	-27.5165
   827	-27.5213
   828	-27.3623
   829	-27.0834
   830	-26.712
   831	-26.2505
   832	-25.6791
   833	-24.9658
   834	-24.0861
   835	-23.0417
   836	-21.8735
   837	-20.6621
   838	-19.5143
   839	-18.5365
   840	-17.8046
   841	-17.3453
   842	-17.1331
   843	-17.1073
   844	-17.197
   845	-17.3471
   846	-17.5393
   847	-17.7999
   848	-18.1957
   849	-18.8166
   850	-19.7492
   851	-21.0501
   852	-22.7291
   853	-24.7456
   854	-27.0163
   855	-29.4304
   856	-31.8692
   857	-34.2251
   858	-36.425
   859	-38.4358
   860	-40.2562
   861	-41.9021
   862	-43.3897
   863	-44.7206
   864	-45.8788
   865	-46.8331
   866	-47.5474
   867	-47.9933
   868	-48.158
   869	-48.05
   870	-47.7038
   871	-47.1774
   872	-46.5441
   873	-45.8841
   874	-45.2726
   875	-44.7696
   876	-44.4132
   877	-44.2155
   878	-44.1638
   879	-44.2284
   880	-44.3767
   881	-44.5859
   882	-44.8523
   883	-45.1893
   884	-45.6196
   885	-46.1643
   886	-46.8259
   887	-47.5789
   888	-48.3679
   889	-49.1192
   890	-49.756
   891	-50.2227
   892	-50.499
   893	-50.6039
   894	-50.5877
   895	-50.5196
   896	-50.4699
   897	-50.4926
   898	-50.6135
   899	-50.8245
   900	-51.0905
   901	-51.3649
   902	-51.6033
   903	-51.7764
   904	-51.8737
   905	-51.9068
   906	-51.9075
   907	-51.9225
   908	-52.0037
   909	-52.1939
   910	-52.5144
   911	-52.9562
   912	-53.4833
   913	-54.0466
   914	-54.6041
   915	-55.1397
   916	-55.6728
   917	-56.252
   918	-56.9349
   919	-57.7587
   920	-58.7203
   921	-59.7712
   922	-60.8282
   923	-61.803
   924	-62.6244
   925	-63.2467
   926	-63.6495
   927	-63.831
   928	-63.8029
   929	-63.5905
   930	-63.2324
   931	-62.7783
   932	-62.2795
   933	-61.7761
   934	-61.288
   935	-60.8143
   936	-60.3437
   937	-59.8701
   938	-59.4045
   939	-58.9769
   940	-58.6247
   941	-58.375
   942	-58.2293
   943	-58.1596
   944	-58.1148
   945	-58.0385
   946	-57.8828
   947	-57.6213
   948	-57.2543
   949	-56.8119
   950	-56.3503
   951	-55.9432
   952	-55.6693
   953	-55.5996
   954	-55.785
   955	-56.2518
   956	-56.9989
   957	-57.9954
   958	-59.1859
   959	-60.4957
   960	-61.8432
   961	-63.1549
   962	-64.3738
   963	-65.4639
   964	-66.4062
   965	-67.1861
   966	-67.7841
   967	-68.1658
   968	-68.2841
   969	-68.09
   970	-67.5484
   971	-66.6566
   972	-65.4511
   973	-64.0018
   974	-62.403
   975	-60.7637
   976	-59.1988
   977	-57.8142
   978	-56.6921
   979	-55.8752
   980	-55.3595
   981	-55.1002
   982	-55.0269
   983	-55.0671
   984	-55.1633
   985	-55.2843
   986	-55.4246
   987	-55.5942
   988	-55.8059
   989	-56.0614
   990	-56.3448
   991	-56.6226
   992	-56.8523
   993	-56.9925
   994	-57.0126
   995	-56.8967
   996	-56.6449
   997	-56.2671
   998	-55.7828
   999	-55.2153
  1000	-54.5884
  1001	-53.9197
  1002	-53.2156
  1003	-52.4698
  1004	-51.667
  1005	-50.7884
  1006	-49.8239
  1007	-48.7811
  1008	-47.6909
  1009	-46.6082
  1010	-45.6051
  1011	-44.7568
  1012	-44.1259
  1013	-43.7562
  1014	-43.6695
  1015	-43.8684
  1016	-44.3424
  1017	-45.0719
  1018	-46.0289
  1019	-47.1746
  1020	-48.456
  1021	-49.8103
  1022	-51.1714
  1023	-52.4824
  1024	-53.7015
  1025	-54.802
  1026	-55.7664
  1027	-56.5815
  1028	-57.2355
  1029	-57.7227
  1030	-58.05
  1031	-58.2448
  1032	-58.3552
  1033	-58.442
  1034	-58.5616
  1035	-58.751
  1036	-59.015
  1037	-59.3261
  1038	-59.6391
  1039	-59.912
  1040	-60.122
  1041	-60.2696
  1042	-60.3677
  1043	-60.4301
  1044	-60.4657
  1045	-60.4817
  1046	-60.4862
  1047	-60.4883
  1048	-60.4901
  1049	-60.4799
  1050	-60.4269
  1051	-60.2882
  1052	-60.022
  1053	-59.607
  1054	-59.0571
  1055	-58.4243
  1056	-57.7885
  1057	-57.2328
  1058	-56.8144
  1059	-56.5442
  1060	-56.3881
  1061	-56.2811
  1062	-56.1531
  1063	-55.9478
  1064	-55.6356
  1065	-55.2126
  1066	-54.6967
  1067	-54.1199
  1068	-53.5184
  1069	-52.9225
  1070	-52.349
  1071	-51.7933
  1072	-51.2299
  1073	-50.6182
  1074	-49.9155
  1075	-49.0911
  1076	-48.139
  1077	-47.0846
  1078	-45.9804
  1079	-44.8891
  1080	-43.8619
  1081	-42.9152
  1082	-42.0204
  1083	-41.1163
  1084	-40.1341
  1085	-39.0225
  1086	-37.7725
  1087	-36.4229
  1088	-35.0534
  1089	-33.7638
  1090	-32.6488
  1091	-31.7792
  1092	-31.1919
  1093	-30.8938
  1094	-30.8682
  1095	-31.0833
  1096	-31.498
  1097	-32.0663
  1098	-32.7374
  1099	-33.459
  1100	-34.183
  1101	-34.8736
  1102	-35.5118
  1103	-36.0907
  1104	-36.6019
  1105	-37.0203
  1106	-37.295
  1107	-37.356
  1108	-37.1395
  1109	-36.6188
  1110	-35.8267
  1111	-34.8579
  1112	-33.8508
  1113	-32.9518
  1114	-32.2851
  1115	-31.9396
  1116	-31.9558
  1117	-32.3236
  1118	-32.9853
  1119	-33.8448
  1120	-34.7851
  1121	-35.6893
  1122	-36.4611
  1123	-37.0381
  1124	-37.3975
  1125	-37.5529
  1126	-37.5443
  1127	-37.4175
  1128	-37.2095
  1129	-36.939
  1130	-36.6103
  1131	-36.2277
  1132	-35.8172
  1133	-35.4348
  1134	-35.1657
  1135	-35.1097
  1136	-35.3523
  1137	-35.9368
  1138	-36.8499
  1139	-38.024
  1140	-39.3569
  1141	-40.738
  1142	-42.0693
  1143	-43.2789
  1144	-44.3231
  1145	-45.183
  1146	-45.8584
  1147	-46.3605
  1148	-46.7053
  1149	-46.9045
  1150	-46.9582
  1151	-46.8492
  1152	-46.5448
  1153	-46.0068
  1154	-45.2078
  1155	-44.1493
  1156	-42.8734
  1157	-41.4667
  1158	-40.0418
  1159	-38.7074
  1160	-37.5351
  1161	-36.5387
  1162	-35.678
  1163	-34.8782
  1164	-34.0609
  1165	-33.1748
  1166	-32.2089
  1167	-31.1989
  1168	-30.211
  1169	-29.3235
  1170	-28.6118
  1171	-28.1294
  1172	-27.9001
  1173	-27.9119
  1174	-28.1156
  1175	-28.4251
  1176	-28.7309
  1177	-28.9245
  1178	-28.9296
  1179	-28.7239
  1180	-28.3402
  1181	-27.8454
  1182	-27.3082
  1183	-26.7711
  1184	-26.233
  1185	-25.6485
  1186	-24.9444
  1187	-24.046
  1188	-22.9012
  1189	-21.4996
  1190	-19.8826
  1191	-18.1374
  1192	-16.3861
  1193	-14.7696
  1194	-13.4308
  1195	-12.49
  1196	-12.0227
  1197	-12.0387
  1198	-12.4771
  1199	-13.2205
  1200	-14.1287
  1201	-15.0798
  1202	-16.0002
  1203	-16.8789
  1204	-17.7614
  1205	-18.7227
  1206	-19.8349
  1207	-21.1356
  1208	-22.6105
  1209	-24.1965
  1210	-25.8021
  1211	-27.3403
  1212	-28.7581
  1213	-30.0427
  1214	-31.2152
  1215	-32.3158
  1216	-33.3826
  1217	-34.4349
  1218	-35.4619
  1219	-36.4235
  1220	-37.2596
  1221	-37.9003
  1222	-38.2797
  1223	-38.3533
  1224	-38.1153
  1225	-37.606
  1226	-36.9106
  1227	-36.1435
  1228	-35.4192
  1229	-34.8241
  1230	-34.3984
  1231	-34.1371
  1232	-34.0073
  1233	-33.9739
  1234	-34.0237
  1235	-34.1759
  1236	-34.4778
  1237	-34.9882
  1238	-35.753
  1239	-36.785
  1240	-38.0592
  1241	-39.517
  1242	-41.0848
  1243	-42.6824
  1244	-44.2399
  1245	-45.7171
  1246	-47.1028
  1247	-48.4116
  1248	-49.6783
  1249	-50.946
  1250	-52.2507
  1251	-53.6083
  1252	-55.009
  1253	-56.408
  1254	-57.7301
  1255	-58.8903
  1256	-59.8056
  1257	-60.416
  1258	-60.7025
  1259	-60.6933
  1260	-60.451
  1261	-60.05
  1262	-59.5512
  1263	-58.9902
  1264	-58.3768
  1265	-57.7072
  1266	-56.9823
  1267	-56.2186
  1268	-55.4592
  1269	-54.7692
  1270	-54.2203
  1271	-53.8783
  1272	-53.7944
  1273	-53.9988
  1274	-54.4972
  1275	-55.2656
  1276	-56.2478
  1277	-57.3586
  1278	-58.4924
  1279	-59.5459
  1280	-60.4396
  1281	-61.1362
  1282	-61.6418
  1283	-61.9926
  1284	-62.2282
  1285	-62.365
  1286	-62.3841
  1287	-62.2377
  1288	-61.8717
  1289	-61.252
  1290	-60.3829
  1291	-59.3101
  1292	-58.1141
  1293	-56.8932
  1294	-55.7457
  1295	-54.7565
  1296	-53.9808
  1297	-53.4335
  1298	-53.0845
  1299	-52.8648
  1300	-52.6845
  1301	-52.4559
  1302	-52.1119
  1303	-51.6202
  1304	-50.9866
  1305	-50.2521
  1306	-49.4827
  1307	-48.7545
  1308	-48.1334
  1309	-47.6598
  1310	-47.3459
  1311	-47.1793
  1312	-47.1367
  1313	-47.1965
  1314	-47.3473
  1315	-47.5918
  1316	-47.9407
  1317	-48.4054
  1318	-48.9879
  1319	-49.6715
  1320	-50.4133
  1321	-51.1455
  1322	-51.7827
  1323	-52.2321
  1324	-52.412
  1325	-52.2711
  1326	-51.8012
  1327	-51.0395
  1328	-50.0581
  1329	-48.9413
  1330	-47.7661
  1331	-46.5887
  1332	-45.445
  1333	-44.3614
  1334	-43.3674
  1335	-42.5028
  1336	-41.8177
  1337	-41.3647
  1338	-41.1884
  1339	-41.3148
  1340	-41.7435
  1341	-42.4491
  1342	-43.387
  1343	-44.5014
  1344	-45.7322
  1345	-47.0169
  1346	-48.2939
  1347	-49.5114
  1348	-50.6311
  1349	-51.6339
  1350	-52.5259
  1351	-53.3293
  1352	-54.0753
  1353	-54.7936
  1354	-55.504
  1355	-56.2099
  1356	-56.8923
  1357	-57.5116
  1358	-58.0146
  1359	-58.3502
  1360	-58.487
  1361	-58.4219
  1362	-58.1815
  1363	-57.8111
  1364	-57.3611
  1365	-56.8728
  1366	-56.3678
  1367	-55.8467
  1368	-55.2936
  1369	-54.6884
  1370	-54.0209
  1371	-53.2996
  1372	-52.5558
  1373	-51.8423
  1374	-51.2284
  1375	-50.7898
  1376	-50.5878
  1377	-50.648
  1378	-50.9468
  1379	-51.4119
  1380	-51.9393
  1381	-52.4225
  1382	-52.7801
  1383	-52.9716
  1384	-53.0006
  1385	-52.9089
  1386	-52.761
  1387	-52.6272
  1388	-52.5681
  1389	-52.6267
  1390	-52.8254
  1391	-53.17
  1392	-53.6532
  1393	-54.2629
  1394	-54.9855
  1395	-55.8097
  1396	-56.7302
  1397	-57.7486
  1398	-58.8687
  1399	-60.0851
  1400	-61.3695
  1401	-62.665
  1402	-63.889
  1403	-64.9526
  1404	-65.7816
  1405	-66.3337
  1406	-66.6073
  1407	-66.6419
  1408	-66.5057
  1409	-66.2812
  1410	-66.0494
  1411	-65.8783
  1412	-65.8192
  1413	-65.9054
  1414	-66.1535
  1415	-66.5647
  1416	-67.1255
  1417	-67.8097
  1418	-68.582
  1419	-69.4042
  1420	-70.2442
  1421	-71.0756
  1422	-71.8762
  1423	-72.6179
  1424	-73.2612
  1425	-73.7517
  1426	-74.0256
  1427	-74.0246
  1428	-73.7087
  1429	-73.0689
  1430	-72.1311
  1431	-70.9527
  1432	-69.6149
  1433	-68.2133
  1434	-66.843
  1435	-65.5872
  1436	-64.5022
  1437	-63.6119
  1438	-62.91
  1439	-62.3693
  1440	-61.9548
  1441	-61.6359
  1442	-61.396
  1443	-61.2373
  1444	-61.1788
  1445	-61.2458
  1446	-61.4572
  1447	-61.8104
  1448	-62.2758
  1449	-62.8001
  1450	-63.3204
  1451	-63.785
  1452	-64.1692
  1453	-64.4849
  1454	-64.7752
  1455	-65.0964
  1456	-65.4968
  1457	-65.9982
  1458	-66.5894
  1459	-67.2302
  1460	-67.8635
  1461	-68.4278
  1462	-68.8649
  1463	-69.1266
  1464	-69.1784
  1465	-69.0065
  1466	-68.6223
  1467	-68.0631
  1468	-67.3821
  1469	-66.6313
  1470	-65.8419
  1471	-65.0166
  1472	-64.1371
  1473	-63.1809
  1474	-62.1396
  1475	-61.0292
  1476	-59.8918
  1477	-58.7845
  1478	-57.7593
  1479	-56.8476
  1480	-56.0591
  1481	-55.3852
  1482	-54.8058
  1483	-54.2997
  1484	-53.8492
  1485	-53.4404
  1486	-53.0656
  1487	-52.7247
  1488	-52.4263
  1489	-52.1908
  1490	-52.0471
  1491	-52.0282
  1492	-52.1617
  1493	-52.4585
  1494	-52.9055
  1495	-53.4607
  1496	-54.0613
  1497	-54.6393
  1498	-55.1372
  1499	-55.5201
  1500	-55.7765
  1501	-55.9124
  1502	-55.9426
  1503	-55.8839
  1504	-55.7526
  1505	-55.5616
  1506	-55.3209
  1507	-55.0349
  1508	-54.7028
  1509	-54.3189
  1510	-53.8787
  1511	-53.3875
  1512	-52.8721
  1513	-52.3876
  1514	-52.0124
  1515	-51.8293
  1516	-51.9002
  1517	-52.2443
  1518	-52.8293
  1519	-53.5839
  1520	-54.422
  1521	-55.2696
  1522	-56.0795
  1523	-56.8353
  1524	-57.542
  1525	-58.2106
  1526	-58.8452
  1527	-59.4378
  1528	-59.9671
  1529	-60.4044
  1530	-60.7185
  1531	-60.8805
  1532	-60.8685
  1533	-60.6715
  1534	-60.2977
  1535	-59.7768
  1536	-59.1618
  1537	-58.5195
  1538	-57.9118
  1539	-57.3784
  1540	-56.9298
  1541	-56.551
  1542	-56.2152
  1543	-55.9042
  1544	-55.6202
  1545	-55.3917
  1546	-55.266
  1547	-55.2941
  1548	-55.5146
  1549	-55.9434
  1550	-56.5704
  1551	-57.3655
  1552	-58.2865
  1553	-59.2893
  1554	-60.3314
  1555	-61.3686
  1556	-62.3587
  1557	-63.2611
  1558	-64.0464
  1559	-64.697
  1560	-65.2043
  1561	-65.5639
  1562	-65.7695
  1563	-65.8072
  1564	-65.6537
  1565	-65.2834
  1566	-64.6784
  1567	-63.8399
  1568	-62.7953
  1569	-61.5957
  1570	-60.3118
  1571	-59.0227
  1572	-57.803
  1573	-56.7193
  1574	-55.8249
  1575	-55.15
  1576	-54.7004
  1577	-54.4557
  1578	-54.3747
  1579	-54.4074
  1580	-54.5077
  1581	-54.6473
  1582	-54.8219
  1583	-55.0492
  1584	-55.3585
  1585	-55.778
  1586	-56.3204
  1587	-56.9796
  1588	-57.7287
  1589	-58.5316
  1590	-59.3581
  1591	-60.192
  1592	-61.0357
  1593	-61.9028
  1594	-62.806
  1595	-63.7462
  1596	-64.7007
  1597	-65.6245
  1598	-66.4531
  1599	-67.1179
  1600	-67.5624
  1601	-67.7502
  1602	-67.6696
  1603	-67.334
  1604	-66.7803
  1605	-66.063
  1606	-65.2475
  1607	-64.3964
  1608	-63.5563
  1609	-62.7474
  1610	-61.9701
  1611	-61.2149
  1612	-60.4786
  1613	-59.7795
  1614	-59.1584
  1615	-58.6697
  1616	-58.3628
  1617	-58.2644
  1618	-58.3673
  1619	-58.6316
  1620	-58.9969
  1621	-59.398
  1622	-59.7807
  1623	-60.1096
  1624	-60.3715
  1625	-60.5722
  1626	-60.7325
  1627	-60.8807
  1628	-61.044
  1629	-61.2407
  1630	-61.4724
  1631	-61.7242
  1632	-61.9687
  1633	-62.1747
  1634	-62.3166
  1635	-62.3788
  1636	-62.3577
  1637	-62.256
  1638	-62.077
  1639	-61.8213
  1640	-61.489
  1641	-61.0853
  1642	-60.6266
  1643	-60.1427
  1644	-59.6733
  1645	-59.2609
  1646	-58.9457
  1647	-58.7598
  1648	-58.7294
  1649	-58.8771
  1650	-59.225
  1651	-59.7917
  1652	-60.5878
  1653	-61.6067
  1654	-62.8174
  1655	-64.1633
  1656	-65.5678
  1657	-66.9457
  1658	-68.2205
  1659	-69.3351
  1660	-70.249
  1661	-70.9384
  1662	-71.3923
  1663	-71.6074
  1664	-71.5886
  1665	-71.3479
  1666	-70.9058
  1667	-70.2919
  1668	-69.5452
  1669	-68.7114
  1670	-67.8398
  1671	-66.982
  1672	-66.1906
  1673	-65.5163
  1674	-65.007
  1675	-64.6997
  1676	-64.6142
  1677	-64.7476
  1678	-65.0756
  1679	-65.5618
  1680	-66.1669
  1681	-66.8596
  1682	-67.6213
  1683	-68.4419
  1684	-69.3114
  1685	-70.2129
  1686	-71.1179
  1687	-71.987
  1688	-72.7836
  1689	-73.4872
  1690	-74.0998
  1691	-74.6499
  1692	-75.182
  1693	-75.7384
  1694	-76.3406
  1695	-76.9758
  1696	-77.5993
  1697	-78.1489
  1698	-78.5624
  1699	-78.79
  1700	-78.7997
  1701	-78.578
  1702	-78.1273
  1703	-77.4695
  1704	-76.6459
  1705	-75.7147
  1706	-74.7402
  1707	-73.7755
  1708	-72.8485
  1709	-71.9568
  1710	-71.0737
  1711	-70.1714
  1712	-69.2409
  1713	-68.3098
  1714	-67.4434
  1715	-66.7275
  1716	-66.2428
  1717	-66.0355
  1718	-66.1029
  1719	-66.3937
  1720	-66.8285
  1721	-67.3202
  1722	-67.7937
  1723	-68.1931
  1724	-68.4846
  1725	-68.6578
  1726	-68.7212
  1727	-68.6957
  1728	-68.6045
  1729	-68.4636
  1730	-68.2724
  1731	-68.0098
  1732	-67.6334
  1733	-67.0882
  1734	-66.3188
  1735	-65.2841
  1736	-63.971
  1737	-62.3982
  1738	-60.6194
  1739	-58.7133
  1740	-56.7629
  1741	-54.8411
  1742	-53.0057
  1743	-51.2922
  1744	-49.7177
  1745	-48.2915
  1746	-47.02
  1747	-45.9116
  1748	-44.9844
  1749	-44.2708
  1750	-43.818
  1751	-43.6837
  1752	-43.9241
  1753	-44.5744
  1754	-45.6312
  1755	-47.0393
  1756	-48.694
  1757	-50.4548
  1758	-52.1824
  1759	-53.7685
  1760	-55.1436
  1761	-56.2807
  1762	-57.1851
  1763	-57.8741
  1764	-58.36
  1765	-58.641
  1766	-58.6979
  1767	-58.4978
  1768	-58.0066
  1769	-57.2007
  1770	-56.0806
  1771	-54.6819
  1772	-53.0845
  1773	-51.3981
  1774	-49.7424
  1775	-48.2271
  1776	-46.9202
  1777	-45.8307
  1778	-44.9145
  1779	-44.0966
  1780	-43.3008
  1781	-42.4784
  1782	-41.6284
  1783	-40.794
  1784	-40.0488
  1785	-39.4779
  1786	-39.1462
  1787	-39.0776
  1788	-39.2483
  1789	-39.5985
  1790	-40.0563
  1791	-40.562
  1792	-41.0856
  1793	-41.6321
  1794	-42.2338
  1795	-42.9344
  1796	-43.7695
  1797	-44.7477
  1798	-45.845
  1799	-47.0051
  1800	-48.1484
  1801	-49.1869
  1802	-50.0438
  1803	-50.6617
  1804	-51.0137
  1805	-51.1131
  1806	-51.0078
  1807	-50.7685
  1808	-50.4701
  1809	-50.1698
  1810	-49.8929
  1811	-49.6307
  1812	-49.3469
  1813	-48.9988
  1814	-48.5563
  1815	-48.0179
  1816	-47.4176
  1817	-46.8239
  1818	-46.3187
  1819	-45.9801
  1820	-45.8684
  1821	-46.0114
  1822	-46.4026
  1823	-47.0002
  1824	-47.7371
  1825	-48.5383
  1826	-49.3371
  1827	-50.0942
  1828	-50.8056
  1829	-51.5027
  1830	-52.2388
  1831	-53.0668
  1832	-54.01
  1833	-55.0476
  1834	-56.1126
  1835	-57.1043
  1836	-57.9211
  1837	-58.4884
  1838	-58.7768
  1839	-58.8032
  1840	-58.6202
  1841	-58.2978
  1842	-57.9085
  1843	-57.5084
  1844	-57.128
  1845	-56.7701
  1846	-56.4126
  1847	-56.0165
  1848	-55.5409
  1849	-54.9572
  1850	-54.2638
  1851	-53.4971
  1852	-52.7333
  1853	-52.0705
  1854	-51.6014
  1855	-51.3823
  1856	-51.4061
  1857	-51.5993
  1858	-51.8429
  1859	-52.0092
  1860	-52.0009
  1861	-51.7766
  1862	-51.3573
  1863	-50.8162
  1864	-50.2523
  1865	-49.7588
  1866	-49.3934
  1867	-49.1647
  1868	-49.0363
  1869	-48.9456
  1870	-48.8276
  1871	-48.6384
  1872	-48.3668
  1873	-48.0373
  1874	-47.7033
  1875	-47.4346
  1876	-47.2975
  1877	-47.3372
  1878	-47.5641
  1879	-47.9502
  1880	-48.4333
  1881	-48.9312
  1882	-49.3596
  1883	-49.6533
  1884	-49.7846
  1885	-49.7751
  1886	-49.693
  1887	-49.6341
  1888	-49.6899
  1889	-49.9187
  1890	-50.3246
  1891	-50.8579
  1892	-51.4344
  1893	-51.9582
  1894	-52.3511
  1895	-52.5734
  1896	-52.6295
  1897	-52.5601
  1898	-52.4249
  1899	-52.2827
  1900	-52.1745
  1901	-52.114
  1902	-52.0858
  1903	-52.0521
  1904	-51.9617
  1905	-51.7654
  1906	-51.4275
  1907	-50.9379
  1908	-50.318
  1909	-49.6216
  1910	-48.9255
  1911	-48.316
  1912	-47.8651
  1913	-47.6116
  1914	-47.5498
  1915	-47.6305
  1916	-47.7812
  1917	-47.9314
  1918	-48.0352
  1919	-48.0841
  1920	-48.1033
  1921	-48.1395
  1922	-48.2385
  1923	-48.4266
  1924	-48.6954
  1925	-49.0007
  1926	-49.2707
  1927	-49.4238
  1928	-49.389
  1929	-49.1219
  1930	-48.6142
  1931	-47.896
  1932	-47.0285
  1933	-46.0916
  1934	-45.1636
  1935	-44.3021
  1936	-43.5308
  1937	-42.8385
  1938	-42.1892
  1939	-41.5408
  1940	-40.8663
  1941	-40.1722
  1942	-39.5079
  1943	-38.9589
  1944	-38.6274
  1945	-38.6056
  1946	-38.9439
  1947	-39.6323
  1948	-40.6001
  1949	-41.7336
  1950	-42.9051
  1951	-44.0033
  1952	-44.955
  1953	-45.7334
  1954	-46.3502
  1955	-46.8401
  1956	-47.2406
  1957	-47.5767
  1958	-47.8511
  1959	-48.0476
  1960	-48.1388
  1961	-48.0973
  1962	-47.907
  1963	-47.5717
  1964	-47.1217
  1965	-46.6137
  1966	-46.1264
  1967	-45.748
  1968	-45.5588
  1969	-45.6161
  1970	-45.9429
  1971	-46.525
  1972	-47.3158
  1973	-48.2475
  1974	-49.2471
  1975	-50.2522
  1976	-51.2205
  1977	-52.1347
  1978	-52.9968
  1979	-53.823
  1980	-54.6367
  1981	-55.4601
  1982	-56.3086
  1983	-57.181
  1984	-58.0593
  1985	-58.9151
  1986	-59.7177
  1987	-60.4476
  1988	-61.1035
  1989	-61.7067
  1990	-62.2975
  1991	-62.9223
  1992	-63.6184
  1993	-64.3993
  1994	-65.2468
  1995	-66.1115
  1996	-66.9261
  1997	-67.6231
  1998	-68.1515
  1999	-68.4886
  2000	-68.6426
  2001	-68.6482
