1 -49.6187 133.095
2 -49.9407 133.409
3 -50.1611 133.651
4 -50.3089 133.817
5 -50.4267 133.919
6 -50.56 133.983
7 -50.7417 134.041
8 -50.9807 134.113
9 -51.2585 134.205
10 -51.536 134.299
11 -51.7669 134.361
12 -51.9129 134.351
13 -51.9566 134.237
14 -51.9086 134.01
15 -51.808 133.691
16 -51.7134 133.327
17 -51.6901 132.979
18 -51.794 132.704
19 -52.0566 132.539
20 -52.4785 132.489
21 -53.0317 132.529
22 -53.6693 132.614
23 -54.343 132.699
24 -55.0156 132.75
25 -55.6666 132.758
26 -56.2955 132.738
27 -56.9153 132.722
28 -57.5444 132.741
29 -58.1949 132.814
30 -58.8605 132.939
31 -59.512 133.086
32 -60.0993 133.208
33 -60.5638 133.253
34 -60.8511 133.181
35 -60.9224 132.973
36 -60.7654 132.635
37 -60.3963 132.197
38 -59.8562 131.703
39 -59.2026 131.201
40 -58.4971 130.733
41 -57.7927 130.329
42 -57.1275 130.004
43 -56.523 129.76
44 -55.988 129.587
45 -55.5294 129.475
46 -55.1553 129.417
47 -54.8795 129.413
48 -54.7214 129.466
49 -54.7036 129.584
50 -54.8469 129.769
51 -55.1657 130.013
52 -55.664 130.296
53 -56.329 130.589
54 -57.1302 130.857
55 -58.02 131.071
56 -58.9366 131.211
57 -59.8123 131.268
58 -60.5811 131.24
59 -61.1877 131.13
60 -61.5965 130.942
61 -61.7915 130.681
62 -61.7738 130.354
63 -61.5556 129.979
64 -61.1535 129.583
65 -60.5849 129.198
66 -59.8674 128.859
67 -59.0204 128.592
68 -58.0665 128.414
69 -57.0338 128.325
70 -55.9578 128.318
71 -54.8787 128.381
72 -53.8382 128.499
73 -52.8762 128.654
74 -52.0301 128.832
75 -51.3309 129.017
76 -50.8014 129.192
77 -50.4517 129.341
78 -50.2781 129.449
79 -50.261 129.499
80 -50.3656 129.473
81 -50.5507 129.352
82 -50.7769 129.124
83 -51.0147 128.788
84 -51.2488 128.359
85 -51.4761 127.869
86 -51.6976 127.361
87 -51.9106 126.877
88 -52.102 126.451
89 -52.2497 126.095
90 -52.3282 125.808
91 -52.3182 125.576
92 -52.2146 125.384
93 -52.0283 125.226
94 -51.7851 125.105
95 -51.5194 125.035
96 -51.2685 125.036
97 -51.065 125.129
98 -50.932 125.324
99 -50.8788 125.619
100 -50.8997 125.994
101 -50.9755 126.416
102 -51.0789 126.844
103 -51.1829 127.239
104 -51.2687 127.575
105 -51.3342 127.842
106 -51.3968 128.055
107 -51.4877 128.24
108 -51.6418 128.435
109 -51.8817 128.668
110 -52.2063 128.956
111 -52.5881 129.293
112 -52.9824 129.659
113 -53.3414 130.029
114 -53.6302 130.378
115 -53.8387 130.697
116 -53.9826 130.991
117 -54.0977 131.278
118 -54.2298 131.583
119 -54.4237 131.928
120 -54.7125 132.324
121 -55.1112 132.768
122 -55.6149 133.243
123 -56.2002 133.722
124 -56.8308 134.172
125 -57.4658 134.564
126 -58.0673 134.875
127 -58.6049 135.089
128 -59.0602 135.199
129 -59.4271 135.205
130 -59.706 135.113
131 -59.9018 134.937
132 -60.0177 134.692
133 -60.0527 134.394
134 -60.001 134.059
135 -59.8549 133.704
136 -59.6087 133.342
137 -59.2648 132.986
138 -58.8373 132.653
139 -58.356 132.363
140 -57.8649 132.139
141 -57.4196 132.007
142 -57.0801 131.994
143 -56.9044 132.119
144 -56.9397 132.394
145 -57.2149 132.821
146 -57.7323 133.391
147 -58.4676 134.083
148 -59.374 134.871
149 -60.3905 135.721
150 -61.4526 136.601
151 -62.505 137.477
152 -63.5082 138.328
153 -64.4367 139.136
154 -65.2737 139.894
155 -66.0072 140.602
156 -66.6234 141.264
157 -67.1035 141.879
158 -67.4252 142.447
159 -67.5657 142.959
160 -67.5075 143.405
161 -67.244 143.776
162 -66.7818 144.068
163 -66.1453 144.289
164 -65.3739 144.454
165 -64.5185 144.588
166 -63.6348 144.715
167 -62.7775 144.854
168 -61.989 145.009
169 -61.2931 145.174
170 -60.698 145.331
171 -60.1994 145.461
172 -59.788 145.547
173 -59.457 145.586
174 -59.2076 145.585
175 -59.0491 145.566
176 -58.9956 145.554
177 -59.0584 145.575
178 -59.2386 145.646
179 -59.5235 145.774
180 -59.8859 145.957
181 -60.2882 146.187
182 -60.6866 146.454
183 -61.0399 146.749
184 -61.3128 147.065
185 -61.4804 147.401
186 -61.5284 147.756
187 -61.4552 148.127
188 -61.2682 148.508
189 -60.9818 148.887
190 -60.6124 149.246
191 -60.1756 149.559
192 -59.6822 149.797
193 -59.1417 149.931
194 -58.563 149.937
195 -57.9537 149.806
196 -57.3229 149.54
197 -56.6821 149.157
198 -56.043 148.687
199 -55.4163 148.163
200 -54.8114 147.616
201 -54.236 147.077
202 -53.6972 146.575
203 -53.2029 146.138
204 -52.7619 145.792
205 -52.384 145.563
206 -52.0787 145.471
207 -51.8517 145.527
208 -51.7026 145.73
209 -51.625 146.067
210 -51.6072 146.515
211 -51.6349 147.048
212 -51.6957 147.639
213 -51.7809 148.263
214 -51.8878 148.897
215 -52.0185 149.522
216 -52.1796 150.117
217 -52.3797 150.666
218 -52.6265 151.153
219 -52.9256 151.562
220 -53.2781 151.881
221 -53.6808 152.101
222 -54.126 152.215
223 -54.6003 152.22
224 -55.0863 152.119
225 -55.565 151.921
226 -56.018 151.641
227 -56.43 151.3
228 -56.7885 150.922
229 -57.084 150.529
230 -57.3125 150.137
231 -57.4719 149.76
232 -57.5632 149.406
233 -57.591 149.081
234 -57.5626 148.789
235 -57.4899 148.536
236 -57.3892 148.324
237 -57.2814 148.156
238 -57.1919 148.033
239 -57.1499 147.956
240 -57.1867 147.924
241 -57.3355 147.94
242 -57.6246 148.005
243 -58.075 148.12
244 -58.6969 148.286
245 -59.4854 148.501
246 -60.4201 148.759
247 -61.4691 149.053
248 -62.592 149.374
249 -63.7458 149.712
250 -64.8887 150.061
251 -65.9827 150.418
252 -66.9918 150.783
253 -67.8882 151.163
254 -68.6518 151.565
255 -69.2678 151.996
256 -69.7285 152.454
257 -70.0328 152.933
258 -70.184 153.417
259 -70.1903 153.885
260 -70.0624 154.316
261 -69.8158 154.693
262 -69.472 155.001
263 -69.0577 155.235
264 -68.6026 155.39
265 -68.1369 155.465
266 -67.6871 155.456
267 -67.2722 155.357
268 -66.9023 155.161
269 -66.5798 154.86
270 -66.3038 154.45
271 -66.0721 153.934
272 -65.8832 153.326
273 -65.7346 152.643
274 -65.6208 151.911
275 -65.5319 151.157
276 -65.4529 150.405
277 -65.3656 149.675
278 -65.2521 148.978
279 -65.0966 148.324
280 -64.8902 147.721
281 -64.6318 147.184
282 -64.3264 146.731
283 -63.9846 146.386
284 -63.6191 146.17
285 -63.2408 146.097
286 -62.8582 146.169
287 -62.4748 146.373
288 -62.0905 146.685
289 -61.7024 147.07
290 -61.3094 147.493
291 -60.9153 147.919
292 -60.5293 148.323
293 -60.1681 148.688
294 -59.8533 149.004
295 -59.6047 149.267
296 -59.4361 149.471
297 -59.3502 149.609
298 -59.3369 149.667
299 -59.3755 149.626
300 -59.4393 149.47
301 -59.5025 149.191
302 -59.5463 148.792
303 -59.5629 148.289
304 -59.5554 147.71
305 -59.5339 147.088
306 -59.511 146.452
307 -59.4949 145.824
308 -59.4865 145.219
309 -59.4802 144.643
310 -59.4664 144.103
311 -59.4364 143.608
312 -59.3875 143.174
313 -59.3231 142.823
314 -59.2526 142.581
315 -59.1888 142.47
316 -59.1442 142.505
317 -59.1301 142.691
318 -59.1536 143.022
319 -59.2172 143.479
320 -59.317 144.037
321 -59.4422 144.665
322 -59.5739 145.332
323 -59.6879 146.004
324 -59.7599 146.651
325 -59.7709 147.245
326 -59.7108 147.762
327 -59.5799 148.175
328 -59.3828 148.462
329 -59.126 148.603
330 -58.811 148.579
331 -58.4346 148.375
332 -57.9897 147.985
333 -57.4685 147.414
334 -56.8659 146.675
335 -56.1844 145.786
336 -55.4346 144.775
337 -54.6366 143.671
338 -53.8203 142.505
339 -53.0257 141.316
340 -52.301 140.149
341 -51.7002 139.053
342 -51.2773 138.074
343 -51.0798 137.258
344 -51.1416 136.638
345 -51.4739 136.231
346 -52.0649 136.036
347 -52.8817 136.039
348 -53.8806 136.216
349 -55.0168 136.543
350 -56.2492 136.998
351 -57.5443 137.567
352 -58.8735 138.238
353 -60.2032 138.999
354 -61.4911 139.833
355 -62.6918 140.709
356 -63.7592 141.592
357 -64.6541 142.437
358 -65.3507 143.201
359 -65.8381 143.851
360 -66.1208 144.368
361 -66.2152 144.748
362 -66.147 145.005
363 -65.9473 145.161
364 -65.6477 145.242
365 -65.2782 145.266
366 -64.8621 145.244
367 -64.4125 145.172
368 -63.9338 145.038
369 -63.4237 144.827
370 -62.8778 144.53
371 -62.2982 144.149
372 -61.6978 143.702
373 -61.105 143.215
374 -60.56 142.723
375 -60.1041 142.252
376 -59.7718 141.82
377 -59.583 141.429
378 -59.5415 141.073
379 -59.6398 140.738
380 -59.8651 140.416
381 -60.2048 140.107
382 -60.6479 139.818
383 -61.1837 139.566
384 -61.7976 139.367
385 -62.4681 139.233
386 -63.167 139.166
387 -63.8604 139.156
388 -64.5098 139.185
389 -65.0746 139.226
390 -65.513 139.255
391 -65.7849 139.253
392 -65.855 139.21
393 -65.6999 139.125
394 -65.311 139.003
395 -64.697 138.848
396 -63.8818 138.664
397 -62.8991 138.452
398 -61.7842 138.211
399 -60.5694 137.942
400 -59.286 137.651
401 -57.9651 137.353
402 -56.639 137.067
403 -55.3439 136.818
404 -54.1192 136.627
405 -53.0048 136.511
406 -52.0371 136.475
407 -51.246 136.52
408 -50.6531 136.638
409 -50.2728 136.816
410 -50.1129 137.042
411 -50.1741 137.302
412 -50.4489 137.585
413 -50.9173 137.875
414 -51.5478 138.157
415 -52.3009 138.413
416 -53.1362 138.624
417 -54.0202 138.773
418 -54.931 138.85
419 -55.8589 138.855
420 -56.8014 138.798
421 -57.7542 138.704
422 -58.7011 138.601
423 -59.6112 138.517
424 -60.4424 138.475
425 -61.1466 138.485
426 -61.6828 138.545
427 -62.0251 138.642
428 -62.1663 138.757
429 -62.1141 138.874
430 -61.8887 138.985
431 -61.519 139.09
432 -61.0383 139.199
433 -60.4802 139.321
434 -59.8741 139.461
435 -59.2392 139.609
436 -58.583 139.745
437 -57.9026 139.836
438 -57.1941 139.851
439 -56.4636 139.765
440 -55.7363 139.57
441 -55.0606 139.278
442 -54.5058 138.92
443 -54.1465 138.537
444 -54.0436 138.17
445 -54.2307 137.848
446 -54.7053 137.585
447 -55.4308 137.379
448 -56.3495 137.216
449 -57.3991 137.08
450 -58.5253 136.964
451 -59.6871 136.878
452 -60.8519 136.841
453 -61.9946 136.882
454 -63.0933 137.023
455 -64.1214 137.271
456 -65.0502 137.613
457 -65.849 138.018
458 -66.4893 138.447
459 -66.9454 138.861
460 -67.1946 139.228
461 -67.219 139.532
462 -67.0086 139.771
463 -66.5649 139.957
464 -65.9075 140.103
465 -65.0765 140.224
466 -64.1285 140.323
467 -63.1292 140.396
468 -62.1353 140.428
469 -61.1844 140.4
470 -60.2971 140.294
471 -59.4804 140.101
472 -58.7389 139.827
473 -58.0811 139.488
474 -57.5221 139.106
475 -57.0822 138.704
476 -56.7785 138.3
477 -56.6175 137.902
478 -56.5921 137.508
479 -56.6843 137.116
480 -56.8696 136.724
481 -57.1266 136.338
482 -57.4385 135.972
483 -57.7945 135.642
484 -58.1872 135.369
485 -58.6095 135.167
486 -59.0545 135.046
487 -59.5135 135.006
488 -59.9795 135.044
489 -60.4469 135.15
490 -60.9086 135.312
491 -61.3516 135.521
492 -61.7541 135.768
493 -62.0838 136.042
494 -62.303 136.33
495 -62.3743 136.614
496 -62.2704 136.872
497 -61.9791 137.081
498 -61.5067 137.225
499 -60.8769 137.294
500 -60.1259 137.294
501 -59.2967 137.245
502 -58.4344 137.177
503 -57.5814 137.118
504 -56.7735 137.095
505 -56.0401 137.118
506 -55.4049 137.188
507 -54.8876 137.294
508 -54.5074 137.425
509 -54.2867 137.576
510 -54.2512 137.753
511 -54.4279 137.976
512 -54.8388 138.273
513 -55.4906 138.669
514 -56.3668 139.172
515 -57.4254 139.771
516 -58.6026 140.432
517 -59.8234 141.102
518 -61.0127 141.726
519 -62.1081 142.256
520 -63.0691 142.66
521 -63.8772 142.934
522 -64.5308 143.09
523 -65.0371 143.152
524 -65.4033 143.142
525 -65.6301 143.075
526 -65.7094 142.949
527 -65.6257 142.748
528 -65.3606 142.448
529 -64.9029 142.031
530 -64.2531 141.492
531 -63.4302 140.848
532 -62.4708 140.137
533 -61.4247 139.417
534 -60.3486 138.752
535 -59.2948 138.197
536 -58.3015 137.791
537 -57.3871 137.549
538 -56.5512 137.466
539 -55.782 137.521
540 -55.0667 137.695
541 -54.4032 137.971
542 -53.8078 138.346
543 -53.3137 138.828
544 -52.9651 139.426
545 -52.8061 140.144
546 -52.8676 140.973
547 -53.1577 141.884
548 -53.66 142.829
549 -54.3381 143.753
550 -55.1434 144.595
551 -56.0244 145.31
552 -56.9352 145.87
553 -57.8371 146.265
554 -58.7006 146.507
555 -59.5075 146.613
556 -60.2465 146.607
557 -60.9073 146.507
558 -61.4796 146.325
559 -61.9484 146.072
560 -62.2912 145.758
561 -62.4814 145.397
562 -62.4945 145.008
563 -62.3158 144.616
564 -61.9472 144.246
565 -61.4111 143.921
566 -60.7494 143.662
567 -60.0153 143.483
568 -59.2662 143.396
569 -58.5528 143.406
570 -57.9157 143.514
571 -57.3833 143.712
572 -56.973 143.987
573 -56.6922 144.321
574 -56.5415 144.698
575 -56.5179 145.096
576 -56.6186 145.499
577 -56.8447 145.888
578 -57.2015 146.249
579 -57.6991 146.568
580 -58.3486 146.837
581 -59.1547 147.054
582 -60.1094 147.22
583 -61.187 147.338
584 -62.3446 147.408
585 -63.5316 147.427
586 -64.6982 147.386
587 -65.806 147.275
588 -66.8293 147.094
589 -67.7572 146.851
590 -68.5881 146.574
591 -69.3255 146.299
592 -69.9709 146.065
593 -70.5204 145.902
594 -70.9618 145.822
595 -71.2776 145.82
596 -71.4487 145.876
597 -71.4609 145.966
598 -71.3087 146.07
599 -70.9992 146.178
600 -70.5523 146.295
601 -69.9986 146.434
602 -69.3777 146.617
603 -68.7327 146.861
604 -68.1059 147.178
605 -67.5379 147.562
606 -67.0619 147.996
607 -66.7033 148.446
608 -66.477 148.874
609 -66.3912 149.243
610 -66.4515 149.528
611 -66.6626 149.719
612 -67.0284 149.826
613 -67.5479 149.869
614 -68.2108 149.871
615 -68.9935 149.846
616 -69.8587 149.798
617 -70.7582 149.714
618 -71.6447 149.579
619 -72.4793 149.381
620 -73.233 149.117
621 -73.8901 148.805
622 -74.4456 148.476
623 -74.8994 148.17
624 -75.2525 147.924
625 -75.5026 147.765
626 -75.6444 147.703
627 -75.6706 147.727
628 -75.5746 147.811
629 -75.3529 147.924
630 -75.0059 148.033
631 -74.5402 148.11
632 -73.9691 148.14
633 -73.3127 148.117
634 -72.5964 148.042
635 -71.8458 147.923
636 -71.0832 147.763
637 -70.3206 147.564
638 -69.5611 147.322
639 -68.8018 147.036
640 -68.0346 146.708
641 -67.2562 146.348
642 -66.4764 145.979
643 -65.7201 145.629
644 -65.026 145.33
645 -64.4415 145.114
646 -64.0095 145.002
647 -63.7589 145.001
648 -63.6953 145.106
649 -63.801 145.297
650 -64.0419 145.547
651 -64.375 145.826
652 -64.7572 146.108
653 -65.1521 146.371
654 -65.5316 146.597
655 -65.8799 146.774
656 -66.1905 146.89
657 -66.464 146.938
658 -66.7044 146.905
659 -66.9156 146.786
660 -67.0983 146.577
661 -67.2464 146.282
662 -67.3467 145.914
663 -67.3796 145.494
664 -67.323 145.049
665 -67.1597 144.607
666 -66.8849 144.193
667 -66.5092 143.829
668 -66.0578 143.533
669 -65.563 143.32
670 -65.0561 143.2
671 -64.5598 143.184
672 -64.0875 143.275
673 -63.6404 143.471
674 -63.2132 143.763
675 -62.8019 144.137
676 -62.406 144.571
677 -62.0311 145.043
678 -61.6878 145.534
679 -61.3916 146.027
680 -61.163 146.515
681 -61.0239 146.991
682 -60.9947 147.452
683 -61.088 147.895
684 -61.3037 148.31
685 -61.6276 148.686
686 -62.0318 149.006
687 -62.481 149.252
688 -62.9409 149.407
689 -63.386 149.46
690 -63.8035 149.414
691 -64.1925 149.278
692 -64.5587 149.076
693 -64.9069 148.834
694 -65.2341 148.577
695 -65.5269 148.32
696 -65.763 148.069
697 -65.916 147.818
698 -65.9634 147.557
699 -65.8928 147.28
700 -65.7051 146.988
701 -65.416 146.697
702 -65.0527 146.429
703 -64.6496 146.215
704 -64.2425 146.081
705 -63.8607 146.043
706 -63.5237 146.106
707 -63.2381 146.262
708 -63.0013 146.497
709 -62.8062 146.794
710 -62.6472 147.146
711 -62.5246 147.547
712 -62.4466 148.001
713 -62.4265 148.515
714 -62.4784 149.092
715 -62.6108 149.726
716 -62.8231 150.404
717 -63.1046 151.1
718 -63.4381 151.783
719 -63.8052 152.423
720 -64.1926 152.994
721 -64.5962 153.481
722 -65.0225 153.88
723 -65.4864 154.196
724 -66.0037 154.437
725 -66.5836 154.611
726 -67.223 154.717
727 -67.9057 154.746
728 -68.6044 154.684
729 -69.2872 154.516
730 -69.9252 154.235
731 -70.4968 153.846
732 -70.9898 153.367
733 -71.4 152.826
734 -71.7289 152.259
735 -71.981 151.697
736 -72.1615 151.168
737 -72.2717 150.688
738 -72.3067 150.264
739 -72.2531 149.9
740 -72.0895 149.592
741 -71.7903 149.341
742 -71.3303 149.147
743 -70.6953 149.014
744 -69.8893 148.944
745 -68.9366 148.938
746 -67.881 148.995
747 -66.7805 149.105
748 -65.691 149.256
749 -64.6566 149.435
750 -63.7093 149.625
751 -62.8627 149.81
752 -62.1175 149.974
753 -61.4627 150.103
754 -60.8826 150.184
755 -60.3661 150.208
756 -59.9107 150.166
757 -59.525 150.057
758 -59.228 149.886
759 -59.0445 149.661
760 -58.9997 149.401
761 -59.1096 149.125
762 -59.3733 148.851
763 -59.769 148.593
764 -60.2553 148.353
765 -60.78 148.126
766 -61.2916 147.898
767 -61.7511 147.651
768 -62.1364 147.374
769 -62.4442 147.066
770 -62.6871 146.739
771 -62.8848 146.416
772 -63.0571 146.123
773 -63.2162 145.889
774 -63.3606 145.729
775 -63.4748 145.645
776 -63.5315 145.622
777 -63.4994 145.636
778 -63.3499 145.66
779 -63.0672 145.67
780 -62.6528 145.655
781 -62.1287 145.619
782 -61.5325 145.577
783 -60.9119 145.551
784 -60.3123 145.558
785 -59.7621 145.603
786 -59.2653 145.669
787 -58.8 145.722
788 -58.3268 145.716
789 -57.8031 145.605
790 -57.1956 145.353
791 -56.4919 144.944
792 -55.7033 144.386
793 -54.8619 143.701
794 -54.0106 142.92
795 -53.1934 142.076
796 -52.4444 141.191
797 -51.7798 140.279
798 -51.1993 139.343
799 -50.6891 138.383
800 -50.2281 137.404
801 -49.7974 136.415
802 -49.3872 135.439
803 -49.0018 134.508
804 -48.6604 133.664
805 -48.3945 132.948
806 -48.2391 132.398
807 -48.2224 132.04
808 -48.356 131.886
809 -48.6287 131.928
810 -49.0105 132.138
811 -49.4602 132.478
812 -49.9371 132.906
813 -50.4117 133.383
814 -50.8721 133.878
815 -51.3235 134.373
816 -51.7837 134.856
817 -52.2745 135.319
818 -52.8154 135.757
819 -53.4173 136.162
820 -54.0803 136.525
821 -54.7939 136.84
822 -55.5385 137.101
823 -56.291 137.308
824 -57.0303 137.467
825 -57.7383 137.586
826 -58.4046 137.676
827 -59.0276 137.753
828 -59.6121 137.832
829 -60.1646 137.932
830 -60.6875 138.067
831 -61.1746 138.248
832 -61.6081 138.472
833 -61.9616 138.729
834 -62.2049 138.998
835 -62.3118 139.254
836 -62.2686 139.471
837 -62.0783 139.63
838 -61.765 139.722
839 -61.3701 139.747
840 -60.9473 139.714
841 -60.5543 139.641
842 -60.243 139.546
843 -60.0521 139.445
844 -60.0015 139.347
845 -60.0919 139.25
846 -60.3096 139.142
847 -60.6325 139.006
848 -61.0405 138.827
849 -61.5187 138.597
850 -62.0598 138.322
851 -62.6602 138.023
852 -63.3143 137.727
853 -64.0089 137.461
854 -64.7185 137.239
855 -65.4053 137.065
856 -66.025 136.928
857 -66.5344 136.811
858 -66.9038 136.703
859 -67.1235 136.605
860 -67.2077 136.538
861 -67.1923 136.538
862 -67.1267 136.651
863 -67.0621 136.919
864 -67.0389 137.367
865 -67.0775 137.999
866 -67.1765 138.788
867 -67.3191 139.687
868 -67.4812 140.636
869 -67.6437 141.569
870 -67.799 142.433
871 -67.9541 143.189
872 -68.128 143.819
873 -68.3438 144.321
874 -68.621 144.702
875 -68.9671 144.97
876 -69.373 145.126
877 -69.8118 145.16
878 -70.2455 145.056
879 -70.6335 144.802
880 -70.9379 144.392
881 -71.1339 143.839
882 -71.2133 143.174
883 -71.1869 142.444
884 -71.0802 141.71
885 -70.9252 141.028
886 -70.7498 140.444
887 -70.5692 139.989
888 -70.3796 139.675
889 -70.159 139.498
890 -69.8769 139.444
891 -69.5022 139.495
892 -69.0134 139.633
893 -68.4056 139.844
894 -67.6923 140.119
895 -66.9013 140.451
896 -66.07 140.833
897 -65.2352 141.258
898 -64.431 141.707
899 -63.6837 142.16
900 -63.008 142.588
901 -62.4119 142.966
902 -61.9008 143.271
903 -61.4817 143.489
904 -61.1662 143.615
905 -60.9728 143.656
906 -60.9219 143.621
907 -61.0323 143.527
908 -61.3135 143.388
909 -61.7607 143.222
910 -62.3518 143.04
911 -63.0473 142.851
912 -63.7948 142.658
913 -64.5347 142.461
914 -65.2078 142.255
915 -65.7641 142.034
916 -66.1697 141.798
917 -66.4092 141.549
918 -66.4868 141.297
919 -66.4224 141.062
920 -66.2469 140.866
921 -65.9929 140.731
922 -65.6875 140.677
923 -65.3472 140.71
924 -64.9759 140.827
925 -64.5703 141.012
926 -64.1264 141.24
927 -63.6466 141.482
928 -63.1442 141.708
929 -62.6445 141.9
930 -62.1811 142.047
931 -61.7902 142.152
932 -61.5021 142.229
933 -61.3338 142.293
934 -61.2859 142.356
935 -61.3398 142.42
936 -61.462 142.475
937 -61.6123 142.503
938 -61.7527 142.483
939 -61.8566 142.404
940 -61.914 142.271
941 -61.9329 142.106
942 -61.9346 141.946
943 -61.9439 141.834
944 -61.9789 141.805
945 -62.0418 141.879
946 -62.115 142.048
947 -62.1647 142.285
948 -62.1513 142.544
949 -62.0398 142.78
950 -61.8101 142.953
951 -61.4628 143.043
952 -61.019 143.049
953 -60.5147 142.986
954 -59.9914 142.877
955 -59.4868 142.741
956 -59.0256 142.586
957 -58.6147 142.407
958 -58.2453 142.186
959 -57.9003 141.904
960 -57.5634 141.546
961 -57.2297 141.115
962 -56.913 140.631
963 -56.6442 140.133
964 -56.4667 139.667
965 -56.4246 139.286
966 -56.5484 139.031
967 -56.8458 138.928
968 -57.2983 138.981
969 -57.8656 139.178
970 -58.4953 139.498
971 -59.136 139.914
972 -59.7455 140.407
973 -60.299 140.966
974 -60.7895 141.585
975 -61.2242 142.263
976 -61.6195 142.996
977 -61.9925 143.773
978 -62.3546 144.572
979 -62.7068 145.362
980 -63.0381 146.105
981 -63.3284 146.764
982 -63.5526 147.303
983 -63.6872 147.696
984 -63.7166 147.928
985 -63.6375 147.99
986 -63.4596 147.886
987 -63.2022 147.624
988 -62.8896 147.219
989 -62.5426 146.692
990 -62.1729 146.064
991 -61.7803 145.36
992 -61.3527 144.603
993 -60.8723 143.814
994 -60.3213 143.011
995 -59.6912 142.211
996 -58.9894 141.433
997 -58.2406 140.702
998 -57.4886 140.047
999 -56.7909 139.51
1000 -56.2047 139.13
1001 -55.7779 138.942
1002 -55.5367 138.965
1003 -55.4821 139.201
1004 -55.5878 139.629
1005 -55.8091 140.213
1006 -56.0938 140.906
1007 -56.3978 141.662
1008 -56.694 142.44
1009 -56.9767 143.212
1010 -57.2585 143.959
1011 -57.5598 144.67
1012 -57.8974 145.335
1013 -58.2737 145.943
1014 -58.6708 146.474
1015 -59.0549 146.904
1016 -59.3839 147.205
1017 -59.6198 147.35
1018 -59.7425 147.317
1019 -59.758 147.099
1020 -59.7007 146.704
1021 -59.6292 146.163
1022 -59.6139 145.522
1023 -59.7203 144.839
1024 -59.9902 144.166
1025 -60.4277 143.549
1026 -60.997 143.012
1027 -61.6317 142.559
1028 -62.2544 142.184
1029 -62.7972 141.876
1030 -63.2159 141.634
1031 -63.4966 141.469
1032 -63.6529 141.408
1033 -63.7141 141.483
1034 -63.7103 141.722
1035 -63.6596 142.14
1036 -63.5592 142.729
1037 -63.3848 143.46
1038 -63.0983 144.287
1039 -62.6609 145.159
1040 -62.0455 146.028
1041 -61.2494 146.857
1042 -60.3009 147.625
1043 -59.2578 148.322
1044 -58.1995 148.946
1045 -57.2093 149.498
1046 -56.3545 149.969
1047 -55.6704 150.342
1048 -55.1514 150.584
1049 -54.7561 150.659
1050 -54.4212 150.532
1051 -54.0838 150.183
1052 -53.6978 149.613
1053 -53.246 148.851
1054 -52.7435 147.947
1055 -52.2312 146.964
1056 -51.7645 145.968
1057 -51.3958 145.015
1058 -51.1613 144.142
1059 -51.0706 143.365
1060 -51.1081 142.688
1061 -51.2382 142.105
1062 -51.4168 141.613
1063 -51.6035 141.218
1064 -51.7737 140.937
1065 -51.9236 140.792
1066 -52.07 140.807
1067 -52.2413 141.001
1068 -52.4636 141.371
1069 -52.7475 141.896
1070 -53.0779 142.532
1071 -53.4145 143.218
1072 -53.7001 143.892
1073 -53.8745 144.498
1074 -53.89 144.998
1075 -53.7229 145.378
1076 -53.3798 145.642
1077 -52.897 145.81
1078 -52.3323 145.913
1079 -51.7525 145.981
1080 -51.2191 146.044
1081 -50.7775 146.12
1082 -50.4485 146.222
1083 -50.2309 146.349
1084 -50.1066 146.498
1085 -50.0494 146.659
1086 -50.0355 146.826
1087 -50.0511 146.996
1088 -50.0952 147.171
1089 -50.1777 147.36
1090 -50.3136 147.57
1091 -50.5138 147.803
1092 -50.7758 148.052
1093 -51.079 148.295
1094 -51.3858 148.501
1095 -51.6483 148.637
1096 -51.8219 148.673
1097 -51.8764 148.594
1098 -51.807 148.399
1099 -51.6379 148.108
1100 -51.4209 147.756
1101 -51.2247 147.387
1102 -51.1194 147.048
1103 -51.1607 146.776
1104 -51.3759 146.596
1105 -51.7589 146.514
1106 -52.2714 146.52
1107 -52.8581 146.589
1108 -53.457 146.693
1109 -54.0183 146.809
1110 -54.5132 146.922
1111 -54.9391 147.035
1112 -55.3145 147.163
1113 -55.6693 147.324
1114 -56.0308 147.536
1115 -56.4092 147.802
1116 -56.7929 148.106
1117 -57.1513 148.422
1118 -57.4454 148.718
1119 -57.6433 148.966
1120 -57.7337 149.154
1121 -57.7344 149.289
1122 -57.6924 149.391
1123 -57.6756 149.49
1124 -57.7585 149.611
1125 -58.0027 149.767
1126 -58.4434 149.953
1127 -59.0772 150.151
1128 -59.864 150.33
1129 -60.7357 150.457
1130 -61.6145 150.504
1131 -62.4268 150.454
1132 -63.1136 150.304
1133 -63.6397 150.062
1134 -63.9947 149.748
1135 -64.1846 149.388
1136 -64.2282 149.012
1137 -64.1484 148.643
1138 -63.9661 148.302
1139 -63.6958 148.001
1140 -63.346 147.747
1141 -62.9255 147.546
1142 -62.449 147.405
1143 -61.9442 147.338
1144 -61.4526 147.361
1145 -61.0271 147.489
1146 -60.7231 147.733
1147 -60.586 148.09
1148 -60.6413 148.543
1149 -60.8853 149.059
1150 -61.2823 149.599
1151 -61.7696 150.118
1152 -62.2671 150.575
1153 -62.6904 150.935
1154 -62.964 151.174
1155 -63.0319 151.275
1156 -62.8627 151.232
1157 -62.4516 151.042
1158 -61.8155 150.708
1159 -60.9869 150.242
1160 -60.0058 149.657
1161 -58.9148 148.976
1162 -57.7583 148.227
1163 -56.5772 147.444
1164 -55.4099 146.657
1165 -54.2963 145.897
1166 -53.2754 145.193
1167 -52.3846 144.571
1168 -51.6526 144.05
1169 -51.0973 143.644
1170 -50.7298 143.363
1171 -50.5505 143.212
1172 -50.5486 143.19
1173 -50.7017 143.29
1174 -50.9749 143.496
1175 -51.3216 143.79
1176 -51.6879 144.145
1177 -52.0198 144.533
1178 -52.2723 144.929
1179 -52.4173 145.309
1180 -52.449 145.657
1181 -52.3821 145.965
1182 -52.2465 146.23
1183 -52.079 146.447
1184 -51.9123 146.612
1185 -51.7689 146.712
1186 -51.6575 146.729
1187 -51.5732 146.639
1188 -51.5014 146.418
1189 -51.4218 146.05
1190 -51.312 145.527
1191 -51.1499 144.855
1192 -50.9157 144.053
1193 -50.5926 143.148
1194 -50.1668 142.17
1195 -49.628 141.146
1196 -48.9707 140.097
1197 -48.1922 139.033
1198 -47.2965 137.964
1199 -46.2921 136.897
1200 -45.192 135.847
1201 -44.0152 134.838
1202 -42.7909 133.904
1203 -41.5601 133.088
1204 -40.3738 132.432
1205 -39.2865 131.971
1206 -38.3464 131.719
1207 -37.5883 131.67
1208 -37.0261 131.795
1209 -36.6554 132.051
1210 -36.4588 132.389
1211 -36.4151 132.764
1212 -36.5053 133.146
1213 -36.7164 133.517
1214 -37.0412 133.872
1215 -37.476 134.213
1216 -38.0152 134.545
1217 -38.649 134.867
1218 -39.36 135.173
1219 -40.124 135.451
1220 -40.9161 135.683
1221 -41.7129 135.853
1222 -42.4954 135.947
1223 -43.2513 135.957
1224 -43.9772 135.882
1225 -44.6761 135.727
1226 -45.3559 135.5
1227 -46.0274 135.21
1228 -46.7007 134.868
1229 -47.3843 134.48
1230 -48.0812 134.054
1231 -48.7889 133.597
1232 -49.5016 133.12
1233 -50.2114 132.635
1234 -50.9095 132.16
1235 -51.5877 131.712
1236 -52.2374 131.312
1237 -52.8534 130.973
1238 -53.4308 130.708
1239 -53.9647 130.529
1240 -54.4536 130.444
1241 -54.8968 130.458
1242 -55.2918 130.579
1243 -55.6309 130.809
1244 -55.902 131.143
1245 -56.0924 131.566
1246 -56.192 132.049
1247 -56.1965 132.557
1248 -56.1093 133.046
1249 -55.9415 133.478
1250 -55.7086 133.824
1251 -55.4299 134.071
1252 -55.125 134.218
1253 -54.8132 134.277
1254 -54.513 134.262
1255 -54.2376 134.183
1256 -53.9945 134.043
1257 -53.7866 133.838
1258 -53.6123 133.561
1259 -53.4702 133.206
1260 -53.3624 132.777
1261 -53.2969 132.29
1262 -53.2878 131.774
1263 -53.3526 131.261
1264 -53.5064 130.787
1265 -53.7554 130.381
1266 -54.0912 130.064
1267 -54.4921 129.84
1268 -54.9255 129.702
1269 -55.3557 129.633
1270 -55.7563 129.612
1271 -56.1148 129.618
1272 -56.4342 129.639
1273 -56.7284 129.673
1274 -57.0148 129.727
1275 -57.3071 129.816
1276 -57.6085 129.951
1277 -57.9112 130.137
1278 -58.1989 130.37
1279 -58.4533 130.631
1280 -58.6623 130.897
1281 -58.8227 131.146
1282 -58.9408 131.358
1283 -59.0302 131.524
1284 -59.107 131.645
1285 -59.1852 131.721
1286 -59.2735 131.749
1287 -59.3742 131.722
1288 -59.4811 131.62
1289 -59.5818 131.422
1290 -59.6598 131.108
1291 -59.6983 130.67
1292 -59.6844 130.108
1293 -59.6134 129.441
1294 -59.4886 128.694
1295 -59.3212 127.901
1296 -59.1255 127.097
1297 -58.9142 126.315
1298 -58.694 125.581
1299 -58.4642 124.917
1300 -58.2194 124.338
1301 -57.9562 123.86
1302 -57.677 123.498
1303 -57.3958 123.271
1304 -57.1375 123.195
1305 -56.9347 123.287
1306 -56.8198 123.555
1307 -56.8173 123.994
1308 -56.939 124.583
1309 -57.1835 125.289
1310 -57.5362 126.067
1311 -57.9766 126.871
1312 -58.4816 127.662
1313 -59.032 128.419
1314 -59.6135 129.132
1315 -60.2159 129.806
1316 -60.8323 130.453
1317 -61.456 131.084
1318 -62.0781 131.705
1319 -62.6866 132.313
1320 -63.2625 132.894
1321 -63.7826 133.43
1322 -64.2204 133.901
1323 -64.55 134.29
1324 -64.7489 134.587
1325 -64.8064 134.792
1326 -64.7238 134.907
1327 -64.5166 134.937
1328 -64.2086 134.885
1329 -63.8283 134.752
1330 -63.4027 134.537
1331 -62.954 134.241
1332 -62.4969 133.867
1333 -62.0415 133.422
1334 -61.5962 132.918
1335 -61.1678 132.367
1336 -60.7635 131.783
1337 -60.3903 131.18
1338 -60.053 130.569
1339 -59.7549 129.964
1340 -59.4959 129.38
1341 -59.2736 128.833
1342 -59.0849 128.343
1343 -58.9246 127.928
1344 -58.7857 127.604
1345 -58.6573 127.384
1346 -58.5239 127.271
1347 -58.3658 127.262
1348 -58.1658 127.344
1349 -57.9134 127.498
1350 -57.6077 127.704
1351 -57.2585 127.944
1352 -56.8851 128.205
1353 -56.5091 128.482
1354 -56.1492 128.773
1355 -55.815 129.077
1356 -55.5035 129.388
1357 -55.2023 129.696
1358 -54.8907 129.982
1359 -54.5462 130.222
1360 -54.1486 130.394
1361 -53.685 130.477
1362 -53.1516 130.46
1363 -52.5534 130.345
1364 -51.8998 130.144
1365 -51.2029 129.876
1366 -50.4699 129.56
1367 -49.6998 129.207
1368 -48.8806 128.818
1369 -47.993 128.383
1370 -47.0196 127.89
1371 -45.9523 127.332
1372 -44.8025 126.715
1373 -43.6035 126.062
1374 -42.4117 125.414
1375 -41.3042 124.823
1376 -40.3646 124.342
1377 -39.6664 124.014
1378 -39.2602 123.862
1379 -39.1662 123.89
1380 -39.3699 124.083
1381 -39.8321 124.411
1382 -40.5042 124.845
1383 -41.3377 125.358
1384 -42.294 125.933
1385 -43.3502 126.56
1386 -44.4928 127.236
1387 -45.7103 127.953
1388 -46.9861 128.698
1389 -48.2894 129.445
1390 -49.5707 130.16
1391 -50.7644 130.805
1392 -51.7957 131.343
1393 -52.594 131.746
1394 -53.1053 132.002
1395 -53.2981 132.108
1396 -53.172 132.074
1397 -52.7574 131.916
1398 -52.108 131.655
1399 -51.2891 131.313
1400 -50.3602 130.907
1401 -49.3645 130.453
1402 -48.3243 129.961
1403 -47.2421 129.437
1404 -46.1098 128.886
1405 -44.9201 128.315
1406 -43.6769 127.736
1407 -42.4005 127.17
1408 -41.1281 126.641
1409 -39.909 126.177
1410 -38.8009 125.812
1411 -37.8596 125.576
1412 -37.133 125.495
1413 -36.6497 125.588
1414 -36.4144 125.862
1415 -36.4098 126.31
1416 -36.6001 126.911
1417 -36.9422 127.634
1418 -37.3983 128.442
1419 -37.9481 129.301
1420 -38.5945 130.187
1421 -39.3614 131.087
1422 -40.2828 131.999
1423 -41.3865 132.92
1424 -42.6796 133.838
1425 -44.1409 134.728
1426 -45.7218 135.551
1427 -47.3586 136.26
1428 -48.9809 136.815
1429 -50.5248 137.185
1430 -51.9471 137.367
1431 -53.2256 137.381
1432 -54.3543 137.267
1433 -55.3371 137.082
1434 -56.1778 136.885
1435 -56.8737 136.73
1436 -57.4133 136.655
1437 -57.7783 136.68
1438 -57.9492 136.805
1439 -57.9104 137.015
1440 -57.6576 137.288
1441 -57.2035 137.603
1442 -56.5819 137.953
1443 -55.8517 138.343
1444 -55.0921 138.785
1445 -54.3878 139.296
1446 -53.8124 139.879
1447 -53.4119 140.514
1448 -53.1958 141.165
1449 -53.1393 141.776
1450 -53.202 142.294
1451 -53.3461 142.674
1452 -53.5536 142.896
1453 -53.8351 142.968
1454 -54.2273 142.922
1455 -54.7787 142.806
1456 -55.5322 142.669
1457 -56.5073 142.553
1458 -57.6887 142.482
1459 -59.0275 142.462
1460 -60.4497 142.486
1461 -61.8692 142.545
1462 -63.2038 142.632
1463 -64.3831 142.752
1464 -65.3532 142.92
1465 -66.0815 143.156
1466 -66.5572 143.479
1467 -66.7873 143.895
1468 -66.7884 144.396
1469 -66.5771 144.955
1470 -66.1622 145.532
1471 -65.5392 146.081
1472 -64.694 146.562
1473 -63.6134 146.941
1474 -62.2983 147.197
1475 -60.7754 147.32
1476 -59.1035 147.313
1477 -57.3736 147.185
1478 -55.6881 146.949
1479 -54.144 146.624
1480 -52.8239 146.228
1481 -51.7818 145.781
1482 -51.0395 145.305
1483 -50.5907 144.819
1484 -50.4089 144.345
1485 -50.4543 143.9
1486 -50.6845 143.498
1487 -51.0597 143.153
1488 -51.5496 142.874
1489 -52.1362 142.67
1490 -52.8109 142.548
1491 -53.5702 142.515
1492 -54.4057 142.577
1493 -55.2947 142.734
1494 -56.1938 142.974
1495 -57.0392 143.278
1496 -57.7558 143.612
1497 -58.2755 143.939
1498 -58.5526 144.224
1499 -58.5764 144.441
1500 -58.3737 144.58
1501 -58.0018 144.65
1502 -57.534 144.674
1503 -57.0398 144.676
1504 -56.569 144.674
1505 -56.1418 144.669
1506 -55.7492 144.641
1507 -55.3609 144.559
1508 -54.9387 144.386
1509 -54.4491 144.098
1510 -53.8729 143.689
1511 -53.2117 143.178
1512 -52.4904 142.605
1513 -51.7558 142.025
1514 -51.0689 141.499
1515 -50.4886 141.08
1516 -50.0556 140.804
1517 -49.7798 140.685
1518 -49.638 140.711
1519 -49.5844 140.859
1520 -49.5736 141.103
1521 -49.5809 141.427
1522 -49.6173 141.838
1523 -49.7298 142.36
1524 -49.9868 143.026
1525 -50.4554 143.862
1526 -51.1773 144.869
1527 -52.1554 146.022
1528 -53.3513 147.265
1529 -54.696 148.529
1530 -56.1076 149.745
1531 -57.5073 150.854
1532 -58.8286 151.821
1533 -60.0284 152.63
1534 -61.0884 153.284
1535 -62.0057 153.79
1536 -62.7886 154.151
1537 -63.4474 154.359
1538 -63.9879 154.395
1539 -64.4046 154.234
1540 -64.6762 153.852
1541 -64.7698 153.229
1542 -64.6488 152.364
1543 -64.2816 151.273
1544 -63.6526 149.986
1545 -62.7705 148.556
1546 -61.6724 147.045
1547 -60.4257 145.53
1548 -59.1119 144.083
1549 -57.8105 142.765
1550 -56.5886 141.631
1551 -55.4887 140.719
1552 -54.5285 140.05
1553 -53.7052 139.627
1554 -53.0064 139.436
1555 -52.4247 139.454
1556 -51.965 139.651
1557 -51.6455 139.993
1558 -51.494 140.454
1559 -51.542 141.012
1560 -51.8144 141.653
1561 -52.3189 142.363
1562 -53.0369 143.122
1563 -53.9186 143.897
1564 -54.889 144.638
1565 -55.8634 145.29
1566 -56.7642 145.801
1567 -57.5357 146.132
1568 -58.1538 146.268
1569 -58.6248 146.221
1570 -58.975 146.025
1571 -59.2374 145.731
1572 -59.44 145.394
1573 -59.5962 145.061
1574 -59.7027 144.769
1575 -59.7451 144.533
1576 -59.7059 144.352
1577 -59.5729 144.212
1578 -59.3463 144.093
1579 -59.0416 143.979
1580 -58.6909 143.866
1581 -58.3429 143.764
1582 -58.059 143.699
1583 -57.9027 143.703
1584 -57.9259 143.805
1585 -58.1533 144.012
1586 -58.5731 144.31
1587 -59.1407 144.656
1588 -59.7908 144.996
1589 -60.4583 145.276
1590 -61.1002 145.463
1591 -61.7071 145.555
1592 -62.3032 145.581
1593 -62.93 145.586
1594 -63.6281 145.624
1595 -64.4229 145.728
1596 -65.313 145.91
1597 -66.2722 146.158
1598 -67.255 146.442
1599 -68.2078 146.732
1600 -69.086 147.008
1601 -69.8591 147.273
1602 -70.513 147.546
1603 -71.0505 147.862
1604 -71.4855 148.258
1605 -71.8364 148.765
1606 -72.119 149.394
1607 -72.338 150.132
1608 -72.485 150.953
1609 -72.5383 151.814
1610 -72.4685 152.677
1611 -72.2473 153.511
1612 -71.8591 154.301
1613 -71.3109 155.05
1614 -70.6384 155.773
1615 -69.903 156.488
1616 -69.1824 157.209
1617 -68.5542 157.939
1618 -68.0789 158.664
1619 -67.789 159.357
1620 -67.686 159.985
1621 -67.7452 160.519
1622 -67.9247 160.932
1623 -68.1788 161.213
1624 -68.4665 161.356
1625 -68.7565 161.364
1626 -69.03 161.242
1627 -69.2767 160.993
1628 -69.4913 160.621
1629 -69.6659 160.131
1630 -69.7844 159.529
1631 -69.8201 158.826
1632 -69.7358 158.039
1633 -69.4895 157.193
1634 -69.0424 156.317
1635 -68.3711 155.447
1636 -67.4765 154.623
1637 -66.3884 153.884
1638 -65.1633 153.273
1639 -63.8752 152.825
1640 -62.5999 152.57
1641 -61.3994 152.527
1642 -60.3132 152.701
1643 -59.3518 153.079
1644 -58.5009 153.637
1645 -57.7325 154.333
1646 -57.0168 155.121
1647 -56.3358 155.951
1648 -55.6899 156.781
1649 -55.0989 157.583
1650 -54.5967 158.346
1651 -54.222 159.069
1652 -54.0052 159.761
1653 -53.9564 160.422
1654 -54.0601 161.043
1655 -54.2768 161.598
1656 -54.5544 162.052
1657 -54.8407 162.367
1658 -55.1 162.516
1659 -55.3219 162.494
1660 -55.5211 162.318
1661 -55.7328 162.027
1662 -55.9999 161.672
1663 -56.3578 161.307
1664 -56.8197 160.972
1665 -57.3693 160.69
1666 -57.9613 160.461
1667 -58.5309 160.268
1668 -59.0071 160.084
1669 -59.3301 159.884
1670 -59.4633 159.658
1671 -59.4018 159.412
1672 -59.1735 159.174
1673 -58.8308 158.985
1674 -58.4378 158.887
1675 -58.0522 158.908
1676 -57.7115 159.057
1677 -57.426 159.319
1678 -57.1825 159.667
1679 -56.956 160.069
1680 -56.7292 160.501
1681 -56.5018 160.953
1682 -56.2991 161.431
1683 -56.1668 161.948
1684 -56.1628 162.518
1685 -56.3391 163.149
1686 -56.7263 163.836
1687 -57.3235 164.564
1688 -58.0972 165.308
1689 -58.9891 166.039
1690 -59.9255 166.73
1691 -60.836 167.355
1692 -61.6633 167.895
1693 -62.3735 168.338
1694 -62.9589 168.682
1695 -63.4328 168.93
1696 -63.8238 169.089
1697 -64.1653 169.174
1698 -64.4865 169.199
1699 -64.802 169.179
1700 -65.1103 169.13
1701 -65.3936 169.064
1702 -65.6244 168.992
1703 -65.7744 168.924
1704 -65.8238 168.862
1705 -65.7694 168.81
1706 -65.627 168.764
1707 -65.4249 168.724
1708 -65.1958 168.692
1709 -64.9618 168.671
1710 -64.7252 168.67
1711 -64.4632 168.693
1712 -64.134 168.737
1713 -63.6895 168.787
1714 -63.0912 168.815
1715 -62.3206 168.788
1716 -61.3861 168.67
1717 -60.32 168.437
1718 -59.172 168.084
1719 -58.0024 167.626
1720 -56.8772 167.097
1721 -55.8554 166.541
1722 -54.9765 165.995
1723 -54.2547 165.482
1724 -53.6769 165.009
1725 -53.2065 164.56
1726 -52.7998 164.115
1727 -52.4225 163.651
1728 -52.0616 163.159
1729 -51.7328 162.643
1730 -51.4731 162.128
1731 -51.3261 161.647
1732 -51.3235 161.233
1733 -51.4667 160.906
1734 -51.7184 160.67
1735 -52.0093 160.498
1736 -52.2544 160.35
1737 -52.3775 160.18
1738 -52.329 159.949
1739 -52.0966 159.64
1740 -51.7037 159.26
1741 -51.2024 158.835
1742 -50.6594 158.4
1743 -50.1379 157.989
1744 -49.683 157.619
1745 -49.3132 157.288
1746 -49.0192 156.976
1747 -48.7692 156.654
1748 -48.5223 156.291
1749 -48.2427 155.869
1750 -47.9121 155.391
1751 -47.5382 154.879
1752 -47.1542 154.373
1753 -46.8102 153.922
1754 -46.5552 153.565
1755 -46.4175 153.325
1756 -46.3895 153.195
1757 -46.4257 153.14
1758 -46.454 153.108
1759 -46.4003 153.052
1760 -46.213 152.94
1761 -45.8844 152.773
1762 -45.4552 152.58
1763 -45.0078 152.413
1764 -44.6438 152.325
1765 -44.4567 152.355
1766 -44.5088 152.517
1767 -44.8186 152.795
1768 -45.3616 153.155
1769 -46.0834 153.555
1770 -46.9179 153.958
1771 -47.8025 154.339
1772 -48.688 154.69
1773 -49.5491 155.015
1774 -50.3842 155.328
1775 -51.2056 155.643
1776 -52.0296 155.97
1777 -52.8647 156.308
1778 -53.6977 156.648
1779 -54.4905 156.97
1780 -55.1839 157.25
1781 -55.7095 157.461
1782 -56.0066 157.583
1783 -56.0414 157.607
1784 -55.8188 157.533
1785 -55.3823 157.377
1786 -54.8079 157.16
1787 -54.1878 156.908
1788 -53.6072 156.649
1789 -53.1256 156.402
1790 -52.7688 156.179
1791 -52.5254 155.983
1792 -52.3554 155.803
1793 -52.2064 155.622
1794 -52.0306 155.419
1795 -51.799 155.174
1796 -51.5135 154.878
1797 -51.2071 154.537
1798 -50.9377 154.173
1799 -50.7742 153.823
1800 -50.7747 153.526
1801 -50.9675 153.311
1802 -51.3386 153.189
1803 -51.8308 153.145
1804 -52.3594 153.149
1805 -52.8397 153.161
1806 -53.2112 153.15
1807 -53.4541 153.101
1808 -53.5945 153.018
1809 -53.6934 152.924
1810 -53.8272 152.854
1811 -54.0598 152.84
1812 -54.4204 152.9
1813 -54.89 153.03
1814 -55.4062 153.206
1815 -55.8833 153.385
1816 -56.2366 153.523
1817 -56.404 153.583
1818 -56.3631 153.548
1819 -56.1338 153.423
1820 -55.7736 153.234
1821 -55.3642 153.023
1822 -54.9883 152.829
1823 -54.7097 152.683
1824 -54.5528 152.593
1825 -54.4936 152.542
1826 -54.4705 152.491
1827 -54.4064 152.397
1828 -54.235 152.221
1829 -53.9241 151.942
1830 -53.4887 151.564
1831 -52.9891 151.114
1832 -52.5187 150.637
1833 -52.1738 150.181
1834 -52.0238 149.783
1835 -52.0916 149.453
1836 -52.3437 149.175
1837 -52.7032 148.912
1838 -53.0737 148.619
1839 -53.366 148.265
1840 -53.521 147.842
1841 -53.5222 147.373
1842 -53.399 146.908
1843 -53.2159 146.508
1844 -53.0538 146.226
1845 -52.9839 146.096
1846 -53.0446 146.125
1847 -53.2281 146.288
1848 -53.4833 146.541
1849 -53.7313 146.836
1850 -53.8873 147.127
1851 -53.8868 147.389
1852 -53.7022 147.61
1853 -53.3506 147.795
1854 -52.8893 147.965
1855 -52.4022 148.141
1856 -51.9751 148.34
1857 -51.6721 148.569
1858 -51.5194 148.817
1859 -51.5015 149.055
1860 -51.5705 149.247
1861 -51.6665 149.356
1862 -51.74 149.355
1863 -51.7694 149.237
1864 -51.7711 149.016
1865 -51.7969 148.728
1866 -51.9214 148.422
1867 -52.2231 148.153
1868 -52.7616 147.969
1869 -53.5598 147.898
1870 -54.5948 147.945
1871 -55.8008 148.092
1872 -57.0833 148.302
1873 -58.3396 148.535
1874 -59.4821 148.759
1875 -60.4509 148.954
1876 -61.222 149.121
1877 -61.8079 149.271
1878 -62.2429 149.425
1879 -62.5707 149.601
1880 -62.8311 149.81
1881 -63.0454 150.047
1882 -63.2092 150.294
1883 -63.296 150.521
1884 -63.2697 150.691
1885 -63.1027 150.767
1886 -62.7909 150.72
1887 -62.3605 150.539
1888 -61.8709 150.233
1889 -61.4035 149.834
1890 -61.0437 149.394
1891 -60.8599 148.967
1892 -60.8839 148.599
1893 -61.0989 148.312
1894 -61.4417 148.098
1895 -61.8176 147.929
1896 -62.1278 147.764
1897 -62.2925 147.575
1898 -62.2703 147.352
1899 -62.0622 147.11
1900 -61.7029 146.882
1901 -61.2432 146.707
1902 -60.7304 146.619
1903 -60.1931 146.633
1904 -59.6351 146.749
1905 -59.0409 146.949
1906 -58.3891 147.207
1907 -57.666 147.501
1908 -56.8793 147.813
1909 -56.0618 148.136
1910 -55.2678 148.472
1911 -54.5635 148.828
1912 -54.0131 149.207
1913 -53.6659 149.603
1914 -53.5438 149.997
1915 -53.6312 150.353
1916 -53.8778 150.624
1917 -54.2078 150.761
1918 -54.5368 150.721
1919 -54.7886 150.478
1920 -54.913 150.028
1921 -54.8933 149.392
1922 -54.7465 148.612
1923 -54.51 147.737
1924 -54.2253 146.817
1925 -53.9198 145.888
1926 -53.5962 144.969
1927 -53.2354 144.069
1928 -52.8081 143.19
1929 -52.2912 142.336
1930 -51.6846 141.523
1931 -51.0186 140.779
1932 -50.351 140.141
1933 -49.7583 139.649
1934 -49.3182 139.336
1935 -49.0902 139.225
1936 -49.103 139.318
1937 -49.3478 139.6
1938 -49.7823 140.039
1939 -50.3398 140.598
1940 -50.9467 141.235
1941 -51.5374 141.915
1942 -52.0648 142.611
1943 -52.5084 143.31
1944 -52.8741 144.009
1945 -53.1839 144.711
1946 -53.4671 145.416
1947 -53.7468 146.121
1948 -54.032 146.814
1949 -54.3139 147.479
1950 -54.5703 148.094
1951 -54.777 148.638
1952 -54.9196 149.095
1953 -55.0034 149.455
1954 -55.0578 149.719
1955 -55.1337 149.9
1956 -55.2903 150.02
1957 -55.5811 150.107
1958 -56.0381 150.187
1959 -56.6598 150.277
1960 -57.4123 150.378
1961 -58.2358 150.472
1962 -59.0602 150.528
1963 -59.8252 150.517
1964 -60.4945 150.421
1965 -61.0599 150.243
1966 -61.5417 150.01
1967 -61.9771 149.769
1968 -62.4105 149.568
1969 -62.8801 149.451
1970 -63.4053 149.442
1971 -63.9848 149.548
1972 -64.599 149.759
1973 -65.2161 150.051
1974 -65.8026 150.402
1975 -66.3353 150.787
1976 -66.8052 151.189
1977 -67.2205 151.595
1978 -67.6019 151.997
1979 -67.9749 152.396
1980 -68.3583 152.798
1981 -68.7515 153.203
1982 -69.1301 153.604
1983 -69.4432 153.978
1984 -69.626 154.279
1985 -69.617 154.454
1986 -69.3728 154.453
1987 -68.8829 154.244
1988 -68.1746 153.83
1989 -67.3094 153.247
1990 -66.3694 152.558
1991 -65.4375 151.831
1992 -64.5788 151.122
1993 -63.8252 150.459
1994 -63.1728 149.839
1995 -62.5931 149.237
1996 -62.0484 148.624
1997 -61.5116 147.984
1998 -60.9776 147.324
1999 -60.468 146.672
2000 -60.0246 146.073
2001 -59.6982 145.572
